-150	-888	-73	615	-709	31	158	8	-543	712	-915	447	946	-765	837	-99	-514	128	-721	449	431	-145	-4	-679	684	-692	56	-28	856	325	769	331	-894	826	833	792	535	-9	203	543	-623	505	-500	996	680	-778	-483	963	-886	24	339	832	-279	-143	778	-441	938	-252	862	-185	-245	-14	-971	-72	-637	-37	-330	-250	727	978	-810	902	229	-401	113	170	-459	-640	285	51	-930	-576	-518	-873	-809	266	-461	-838	-50	9	35	794	-600	954	660	932	-933	-228	-148	704
-515	-771	-568	-764	896	-149	-723	-276	389	820	161	250	-424	312	320	45	-692	-215	-748	69	-743	756	-969	-458	-213	-188	7	313	770	509	-320	989	557	441	-626	594	-326	-180	890	-53	105	-592	-485	-794	70	141	158	799	692	-335	61	-5	-158	-66	-78	830	-773	-785	842	-385	-536	-39	-179	0	-877	755	-201	728	-555	-64	-167	759	-982	-102	116	-647	695	-640	-723	464	-644	-734	351	30	851	346	755	-372	-635	-774	-969	-170	134	-316	663	-711	544	530	344	-933
-200	-20	670	717	993	873	-223	974	-501	911	-532	-304	146	-671	-393	-867	742	192	710	-996	540	-32	-43	923	-900	-479	839	-187	221	296	849	-338	-529	935	544	-836	681	-824	310	-983	100	535	332	-621	762	-573	-410	77	-916	-391	-567	151	-916	-182	-52	-212	-604	-501	281	973	-760	346	-635	-158	99	211	-830	-858	961	843	580	-884	-323	307	621	134	-928	-782	-224	973	-25	-276	615	-626	-270	752	-107	-314	-848	755	-420	-793	-335	40	-232	-990	-553	774	-208	307
-247	436	260	74	25	-17	604	-551	796	965	321	828	-919	-526	267	369	732	724	992	-130	212	-107	339	-815	-46	307	442	-355	-169	-868	306	-701	-432	303	658	-336	-571	943	-600	855	597	519	898	320	-789	-693	-128	994	987	711	-934	-715	-393	-979	-281	504	-772	-970	684	222	-555	-994	278	821	935	-182	-805	-909	708	215	-49	-87	543	947	57	-55	-596	241	518	-321	854	788	-383	-590	-880	354	307	-654	-372	-353	357	-729	415	395	-624	-857	-794	388	-733	876
-442	-329	-599	651	-510	102	618	-137	-115	552	-577	180	-104	377	-982	-425	833	415	-430	548	686	-994	995	155	21	-600	908	-497	-832	-153	563	-628	-674	-727	656	552	653	895	-389	574	-295	-363	839	876	213	436	-549	-557	1	-941	-334	-400	-217	372	-407	194	-339	19	-46	-985	-977	-179	-480	778	-955	668	-269	774	987	-309	-383	-321	902	268	296	-117	363	-106	742	986	967	-857	213	570	-884	-325	-974	-577	380	-881	197	-925	510	736	-124	942	-680	132	-47	447
71	-120	728	712	-52	-514	842	-199	-942	568	-733	-715	-334	-128	710	-638	-873	-814	-189	507	616	-881	591	435	-347	-458	-325	-797	573	619	-608	544	-291	210	117	-36	-796	-857	-317	-669	-613	-242	16	501	-629	-272	-353	-598	610	984	21	210	771	-147	670	940	-229	-976	-177	-181	-607	-724	-207	898	653	978	311	-111	603	280	651	-555	-85	987	986	893	-432	233	-740	97	941	722	398	178	467	492	86	557	-378	460	-760	-973	284	895	-808	-682	122	285	601	959
-459	593	858	47	-686	-909	-326	-943	-637	-963	-83	-537	205	-49	718	-727	-180	287	-38	-251	-737	91	-218	-724	685	-584	-890	-909	251	-363	725	415	-995	320	377	310	-55	-325	63	236	-680	789	954	859	-672	-746	-897	726	319	559	-114	-466	247	-185	786	269	419	373	570	264	643	970	953	-376	916	-629	-622	458	348	-497	529	-337	-377	692	910	-630	78	314	-697	381	-803	-293	912	-695	-462	-698	-899	-146	-670	-433	168	992	-813	351	776	926	-28	704	403	-528
991	426	385	46	461	732	-808	698	-97	-334	-437	-263	-848	874	-964	322	-50	292	929	-336	-904	268	-392	-736	-592	675	813	871	-340	728	683	278	185	579	-975	-720	779	409	894	580	640	972	413	-149	103	662	135	234	-375	822	-709	166	-48	-742	-956	-940	854	-466	552	27	-620	852	60	999	206	101	-857	470	-482	563	-645	994	-782	970	432	216	-492	560	-349	-290	-628	-758	-460	155	709	-864	860	568	-752	-540	667	296	204	-659	9	-683	129	-778	-927	-760
-2	-374	300	-121	-335	-687	-942	292	-417	-490	-574	-164	662	-98	-417	-196	-122	-986	-615	610	287	59	921	914	-42	-555	501	-99	776	-58	296	-218	-844	-154	195	686	823	-852	-998	-582	-738	-506	-299	-256	946	-29	-23	212	145	86	-612	-613	764	-32	27	-472	-290	-572	-718	55	-742	-765	-920	545	721	722	-62	40	-651	346	-806	308	-534	-607	-841	777	945	197	-986	637	700	694	951	514	747	-688	969	-784	898	-916	608	-202	671	640	-628	-388	194	-546	586	-970
732	-797	-873	-341	-24	-481	875	-117	382	-65	-433	152	346	7	162	35	-517	-678	879	-800	-705	-239	251	-29	918	-42	818	637	-277	65	-630	-758	621	945	-452	-223	-512	-729	-211	35	-219	-990	899	-436	275	-876	-120	629	-219	759	15	213	-191	-148	522	755	-601	920	371	100	-66	849	900	-719	-217	-146	431	-68	15	303	-102	946	529	555	-670	702	-32	-275	898	-634	-777	-634	-84	-962	-232	118	-875	492	242	420	-667	586	963	-706	-418	954	-550	925	485	612
490	228	-522	543	-84	-444	876	-286	464	-216	-441	-969	-163	-791	-684	-823	-639	-276	-948	91	251	285	88	215	-421	765	-816	827	880	-957	-258	-323	23	953	49	-9	-911	-305	-62	-389	-392	-45	868	289	227	-941	870	-747	287	-396	-226	283	5	888	-97	324	334	-652	842	-695	119	-99	586	-83	-331	-188	505	384	-345	858	-545	-848	-96	934	343	-284	-771	308	-23	-287	-875	598	843	-533	341	-472	-955	530	456	227	624	-791	950	819	-242	520	-288	421	-150	-273
935	725	-797	917	-550	-51	798	310	-173	406	476	892	-68	-464	622	362	451	853	879	639	-162	26	-560	-27	303	5	444	-944	-445	-318	951	-178	674	459	129	-789	-580	-46	197	-426	710	-126	-266	106	-851	-704	758	-882	888	-406	965	-836	-925	809	227	298	-701	2	729	-373	-600	256	515	-609	419	-228	-998	-160	7	675	513	23	618	-481	499	748	189	417	33	-700	-733	-682	-701	571	824	-655	-983	-739	474	-715	299	259	-60	203	738	354	14	-236	-564	-110
595	-53	-523	-927	-605	350	-921	-404	-434	92	441	344	590	-514	-419	-588	-762	366	871	-534	930	-589	-89	-326	409	86	558	95	388	-54	534	-296	622	-726	311	-68	-350	831	-778	648	-538	-670	338	826	-636	522	-926	69	-108	-147	646	-267	-400	-109	587	-450	-2	-363	-167	-609	-842	-715	833	-181	-504	-187	297	-604	779	-272	382	-988	966	-947	156	416	335	-800	314	961	454	887	-867	45	11	398	-673	-194	882	-792	-907	74	-64	-71	419	-839	-561	842	579	30
341	746	457	34	681	-362	868	-358	638	-682	286	-745	880	271	-937	305	-455	720	637	-838	-827	196	-465	768	-857	-337	-892	359	722	306	924	539	662	218	996	123	-538	709	-346	159	443	458	853	951	487	-217	891	929	-389	-860	-688	62	780	-138	783	355	808	-268	-989	-869	291	-96	-706	-451	-228	-32	-657	-162	171	364	836	738	24	619	-602	-749	601	-621	967	429	-209	239	676	-707	-285	-10	-227	-131	-409	-527	545	-879	18	974	724	924	287	978	33	905
574	534	413	-343	607	437	-815	23	878	-379	-405	618	-685	834	100	-640	679	-712	-8	-425	689	534	328	32	-122	-686	-533	-881	-4	693	323	-997	-531	344	869	845	46	141	432	-185	460	273	-546	-387	-714	262	533	-123	766	-871	-9	-87	-738	-477	283	978	137	681	-371	661	405	-954	-801	-109	-36	-876	881	-541	-242	-304	428	436	890	88	-29	577	584	916	236	11	-366	146	122	-522	-433	471	-361	424	465	30	67	-457	-94	865	290	-96	618	-890	918	114
63	115	-912	477	761	-837	-354	287	617	-806	658	969	-408	206	-578	-101	-841	-279	-324	-317	-533	885	524	-324	154	-675	-393	-33	-22	-707	918	-806	218	-183	-115	-253	714	-492	15	28	-373	163	268	473	-526	-889	-12	-769	-599	390	976	-805	-919	749	-930	-749	-504	-256	721	302	-832	-823	384	54	-735	-857	1	-130	475	-850	68	-339	-528	-182	-443	-222	-516	-837	752	-384	274	-80	-572	-469	-638	-349	-968	-838	-656	-73	-407	602	169	947	-562	-976	-962	70	-806	998
436	-549	556	878	-62	394	587	-208	-482	-711	-879	268	697	940	829	-412	-518	-914	-596	844	-625	-581	726	-795	270	-403	-542	591	709	-72	430	961	-534	455	-896	721	-922	149	542	399	602	-90	-508	40	-628	1000	-984	927	86	838	-852	-419	-855	94	-980	-429	19	270	409	104	-618	-285	-995	130	-58	-84	232	480	796	-81	563	910	-29	484	704	508	-192	446	-730	710	-819	-82	310	-470	526	-83	119	-345	-626	804	264	-13	440	32	823	874	-432	-416	685	-433
-465	183	626	878	-566	-645	170	861	902	634	176	-949	-623	422	-90	-403	-355	459	742	805	-277	170	1000	-50	228	94	202	436	960	-18	157	709	210	-593	-882	927	742	46	-849	74	342	-983	-221	913	-829	4	796	-640	-237	1000	600	-155	-54	-396	616	-340	-642	632	880	581	-715	534	514	-445	-497	243	789	-295	-890	268	377	240	-265	-635	-851	975	-204	835	-423	468	573	778	337	695	-266	-853	903	-657	-501	315	-390	-455	368	-159	-406	971	383	-66	38	372
520	-401	975	397	-928	-659	-68	333	-29	-664	-711	339	621	192	932	-751	-557	-238	105	-200	-645	725	637	-585	-29	455	578	217	-316	277	30	950	146	-933	568	329	571	534	-885	-680	-720	386	979	94	465	-470	635	221	136	286	559	-367	156	-159	180	268	589	-397	20	686	-549	1	557	-316	899	288	419	525	-314	897	-968	-563	466	-318	-939	617	-412	316	46	-980	691	752	-821	-242	-104	-289	347	577	-788	99	-2	910	788	604	-237	-113	-140	-820	-796	845
203	250	889	-527	857	55	604	345	-552	-227	853	-58	-304	427	-781	-666	388	215	978	2	-181	-993	-54	917	-554	-529	-468	-644	-452	515	135	-510	-459	365	434	605	672	-963	413	894	-426	-935	221	200	-933	374	-385	-441	-1000	-927	358	767	-475	782	604	-969	720	539	485	70	-727	620	-327	-741	565	-631	67	997	450	-240	-77	-138	181	-762	21	813	917	-381	549	-319	505	-612	898	-927	-438	-306	717	237	512	144	260	-83	235	183	442	-386	-565	-984	-417	762
112	-605	998	521	297	392	-432	700	-637	445	-747	-486	976	249	284	-412	-925	331	422	-744	-478	-181	-399	123	-657	334	-525	-901	751	425	627	-691	495	982	-475	730	872	886	-625	381	573	-533	558	307	-140	-468	903	-342	486	711	-823	712	672	-137	-674	-330	-507	-696	-796	-498	-941	-137	264	81	-848	573	-199	195	603	-827	-792	938	-259	750	382	789	518	-315	766	52	75	-160	573	862	330	-265	-46	-536	-804	693	492	738	-719	368	-44	-926	640	-506	-826	345
537	-517	599	400	886	-562	-422	-445	-357	-431	385	283	-767	102	-299	27	-439	-736	621	918	288	-503	-786	166	-533	-942	337	248	968	-394	-339	340	-128	577	750	-116	245	995	606	781	-620	-460	-464	496	-777	-731	-504	-61	349	796	-693	290	-240	59	-427	-56	-59	-680	-494	870	-373	827	12	-97	-368	-180	-773	197	247	-409	-244	-779	-722	804	-39	-455	996	-433	696	-39	548	-553	893	111	458	-61	414	293	-716	-118	-457	55	-342	-706	-9	-710	-616	-624	-112	-214
-513	497	709	164	421	588	-179	585	-615	380	366	977	-890	-777	404	-73	325	-119	921	376	606	-370	419	285	919	-767	591	999	-445	-255	-483	691	267	929	700	574	-783	962	-152	-595	70	-347	209	-340	174	736	158	992	-143	314	-622	294	-919	-304	880	703	669	546	-878	536	860	449	312	981	50	875	-543	-141	611	-963	285	-729	937	-34	335	-294	730	361	-820	642	-412	101	-998	796	-741	-241	-802	-885	-573	-212	-646	456	-32	581	572	469	956	808	187	-571
79	777	973	-334	919	-498	137	-3	431	462	796	-516	811	971	728	-539	102	-196	987	-288	849	-461	-445	196	347	184	-71	398	12	81	747	-441	86	622	-589	-144	-338	188	408	391	-2	867	-847	-884	47	476	-498	90	-100	-900	961	-52	371	-378	-622	-745	174	885	-921	836	-33	551	-403	-236	904	286	814	-251	316	-650	-257	-629	996	932	675	-30	573	-589	-628	971	-271	863	449	54	-659	-497	-379	325	433	852	-5	373	-972	-960	-748	-764	-806	584	73	485
-187	571	888	-885	236	741	923	-743	-174	133	404	612	298	899	242	225	618	-738	273	690	407	125	419	-868	907	-119	-508	231	526	641	848	-855	931	-126	-964	652	496	-937	-481	101	768	-350	967	-526	-628	-238	-429	915	-737	-907	-234	593	89	-648	323	328	603	489	-320	-962	-786	-988	-920	901	-373	15	94	-982	690	-52	-962	991	-931	-429	-3	-526	-776	-349	-70	242	-248	406	-730	-528	-809	770	-83	-359	79	-599	-274	181	528	-36	-952	-996	862	875	849	-211
-371	253	152	203	-969	-656	-824	761	-482	820	-298	-279	-23	-508	-784	518	988	185	-157	-362	-409	-796	607	916	-328	-116	85	-287	-329	-380	-858	-211	-615	556	94	-443	-813	-389	970	-305	737	385	-111	930	-742	-856	-532	502	-280	-936	601	293	975	860	-450	-822	326	139	-751	710	974	383	301	436	266	-775	-570	466	330	806	-600	227	-136	579	-984	506	310	-103	-632	-201	-948	789	890	-831	481	-385	-463	562	-527	977	204	715	898	120	-460	775	-501	932	942	-615
73	973	419	-809	281	-648	979	137	-602	200	-543	524	988	474	622	-201	-681	-241	-985	102	439	-206	105	169	-514	-799	-366	-504	811	882	-824	888	689	-111	263	-320	111	814	630	716	984	-562	-559	-510	270	970	-525	27	-332	-366	-609	285	919	-750	-466	-856	-421	-943	380	-649	-669	732	-316	-497	261	295	151	242	-339	-533	491	383	707	513	-383	492	-488	581	-742	959	377	-501	-390	841	336	-985	740	462	656	-161	-808	-196	539	827	99	-351	-928	610	176	-138
-816	810	924	814	-662	-698	467	510	376	-593	-837	921	558	-697	-240	858	553	38	997	-455	5	-203	837	-824	142	275	-524	-297	-455	373	268	-253	906	-570	-56	794	-579	364	308	722	510	77	-686	-635	80	-40	415	909	10	218	854	533	-137	240	-288	-826	-614	461	207	-363	128	736	-217	-580	-415	95	-251	103	65	-830	-23	800	-997	-303	-787	75	-545	725	705	338	647	-1000	485	850	664	634	-284	-38	-844	-1	15	586	984	-215	-613	756	-308	-967	860	73
29	674	-244	-806	164	120	13	-844	521	-864	-631	601	657	-90	-175	481	722	328	746	-399	-733	-692	-196	363	-813	-178	71	-373	993	895	136	-855	971	939	554	662	-369	856	962	818	-652	570	-599	374	213	-446	540	253	475	314	278	-216	592	-897	469	700	-326	-395	-964	-586	119	-798	-694	204	29	-356	-657	-667	910	287	-577	-34	-801	415	551	263	-601	174	-754	-859	-445	-86	-452	345	804	-266	-80	904	125	746	-18	163	-229	295	87	816	-516	-730	951	-798
934	217	-836	-781	445	-529	520	-883	694	141	938	94	649	-682	459	-747	-347	-888	-432	-469	-668	-255	596	-47	838	110	573	-969	-611	-650	314	889	517	-647	393	-490	466	-273	-532	56	-840	-563	208	-539	-442	-446	746	678	-311	-180	-741	-781	-656	816	-787	859	486	-743	-497	-620	873	-817	-194	-691	-123	27	-261	374	759	123	778	703	-718	-911	563	739	-648	337	807	-64	843	-862	401	-304	882	194	-173	-191	-398	177	-150	-475	-914	944	-549	-64	-243	-697	107	818
394	438	-577	417	-643	-417	-641	412	-27	-32	-425	502	-343	-523	141	413	582	622	389	456	-576	211	-573	913	178	888	402	-951	130	-106	444	82	839	-566	-157	561	-707	148	-195	-650	-699	-264	522	-290	360	-120	676	944	653	3	-578	769	960	890	972	954	-313	-640	-864	-560	-910	-16	2	415	127	-820	283	-400	-863	-933	555	193	549	913	-647	-509	235	155	-337	438	834	-814	94	788	766	-156	750	536	-385	-653	698	-426	-495	-31	916	-107	-967	-501	723	-794
-843	-624	-656	-23	-60	-894	-520	-503	137	-775	-545	593	-25	-920	486	-766	629	-322	-447	-691	-653	-103	-76	372	275	-359	-515	467	332	-392	-603	666	-623	-30	767	-633	209	964	-601	-57	-973	-848	-688	-934	-289	-5	-700	-907	-225	786	-742	106	-432	801	371	-123	-26	95	-140	974	-360	-592	-382	-319	-143	-466	579	277	568	-715	-921	249	960	224	-943	-696	-122	-182	-42	-920	662	-384	256	851	237	535	-511	356	695	-118	-936	-888	749	860	101	33	-800	-200	-866	403
-979	-952	-57	-854	162	133	-741	589	-768	-79	157	-219	-413	370	837	996	-178	752	-136	301	488	-5	552	530	966	324	73	-126	12	748	-270	559	-992	-428	877	-17	-919	-652	-424	598	-67	775	-677	722	999	512	670	-582	847	-979	-101	60	905	-639	-515	159	615	716	-845	-159	246	-736	-59	967	-393	-816	-865	310	606	468	361	573	900	-180	218	519	464	-712	241	-474	-918	221	802	-586	400	-169	844	-383	-644	550	-840	550	257	-221	-677	-646	642	87	112	342
837	-241	594	174	-186	-102	-956	603	903	192	-341	-495	305	852	641	-408	-475	114	467	-831	-387	-98	743	335	-456	212	-114	816	-944	620	191	254	-619	-272	-367	-99	-836	-523	75	783	839	882	-859	978	-171	542	685	782	401	84	-859	-486	-698	-103	199	861	-502	-836	950	-454	-85	-552	385	364	283	143	4	138	976	804	642	-983	388	79	-386	543	-463	-945	-455	-891	798	154	-743	177	295	-21	-871	-210	820	84	274	-623	-309	-516	-883	834	413	753	323	778
738	304	-110	-443	229	-639	-237	-805	-469	830	706	-932	-56	60	784	-882	236	374	-322	-460	-505	-132	483	638	228	910	538	-263	-814	-304	-635	125	-628	-821	-631	-675	987	-55	-243	-152	955	166	-85	168	-829	-78	-339	-742	325	-820	550	354	-198	-306	211	-523	-373	754	-904	23	368	-488	475	-128	-252	735	40	-921	-613	-507	31	377	-92	-652	949	-94	-151	725	261	-367	24	-206	830	-486	-830	997	-235	768	-488	442	-199	-212	710	221	-350	-798	720	-326	-753	-454
937	-650	-153	-819	408	-401	314	817	-349	-929	386	151	-407	-299	-722	-683	-539	202	953	-7	-666	773	-919	476	869	180	596	483	438	253	715	939	147	25	-453	929	-514	578	-196	-983	-262	319	-16	-235	-685	120	-638	-796	899	-146	-993	-432	-8	629	88	859	-57	496	237	221	-722	-229	852	-504	264	-933	20	-553	80	-517	-111	-191	929	-613	-571	295	893	-763	302	-343	317	201	-168	273	-234	464	-804	-471	547	196	-480	18	-150	199	913	-38	577	-846	216	6
389	-701	-678	-902	-770	319	-747	-108	-143	-384	-270	689	901	-439	501	-890	872	259	738	897	425	-226	237	-880	939	978	506	-718	28	852	-542	95	82	-619	125	453	813	340	-733	621	-413	193	-668	219	-628	326	-394	744	-286	567	-266	-150	459	-820	557	33	406	-882	325	-414	304	774	85	352	-343	-181	68	-584	-211	900	-55	-38	406	167	-169	-931	534	49	-197	-369	-387	449	-474	-671	398	464	861	434	-165	-792	-602	-407	-21	-272	62	-539	-688	258	-835	520
301	356	475	271	997	-687	391	-261	513	124	-65	525	-311	-105	604	-833	394	-193	-639	-761	614	494	227	-28	-778	-532	-113	-643	175	-74	-64	-129	860	200	-208	-716	198	-135	-409	82	-156	-280	-635	-258	931	386	-255	898	11	-577	-694	63	-542	-878	-72	-346	-285	830	-297	-289	106	-939	403	416	-132	37	-401	846	-992	-640	54	3	-425	-413	-410	820	670	-85	165	82	771	974	777	371	-876	68	314	114	306	473	-869	370	18	190	49	55	-904	-585	692	-591
-41	925	792	630	-349	433	337	-167	261	962	273	-651	435	834	-481	672	411	-140	-287	-188	693	-29	-142	-767	795	-887	328	-38	790	206	970	-59	-143	849	-623	1000	-417	249	-340	757	105	-481	-30	338	-725	622	-64	24	-267	-124	223	-420	514	45	-479	89	-936	122	21	-842	-291	830	-188	936	-942	-221	629	231	943	992	-707	-161	-364	544	-420	718	-475	785	706	523	-762	725	515	-20	-410	-810	-224	-394	852	-352	-414	158	-644	317	295	831	-396	-63	785	37
638	-550	337	330	-472	244	284	-99	-650	-750	270	833	686	722	-374	24	-863	910	861	-985	847	230	-66	265	537	-123	-661	-539	-631	891	667	606	707	600	-946	-753	-637	51	517	716	272	540	146	-592	742	118	82	-685	298	-526	-806	-434	-491	415	477	-362	-320	-117	95	-117	197	-696	-53	-683	-657	473	913	996	284	108	-769	-367	388	-904	-534	-734	933	912	13	-485	0	259	-913	8	-114	-151	812	-870	106	-572	-372	687	-291	6	189	-211	23	699	463	-663
-626	-999	-319	-877	798	873	-871	-106	348	279	-794	-855	693	-612	-34	89	921	499	-347	369	754	-655	783	-605	559	-288	-496	850	-360	499	-517	472	-734	850	763	424	489	-645	281	-872	814	-141	-983	730	917	362	-166	-86	259	-757	-681	-736	-390	-639	-369	-282	-99	60	163	402	-707	177	469	-117	303	-657	737	-796	349	-584	-763	-270	762	-894	-196	-60	764	-238	752	-404	-330	-974	-463	575	140	-597	-358	-740	167	-714	-16	-273	-60	61	166	446	102	533	-562	270
834	-112	915	483	-284	155	954	-101	910	251	-345	998	-652	836	-903	357	-1000	-499	-29	738	924	215	510	885	474	341	-502	-670	360	-660	243	-99	-836	-57	930	152	-824	531	327	-535	-358	-940	226	281	-968	428	-683	-990	-879	21	221	862	546	783	-973	-651	600	-951	-610	922	-945	266	-591	-4	99	-88	782	-317	-142	-190	257	-239	-153	-759	-912	-157	977	-961	-771	-903	-430	-471	-743	555	794	858	-205	-113	-811	476	-960	-842	425	514	-261	74	895	490	-620	-460
402	298	-205	-506	-65	-906	309	763	-626	813	-744	686	340	394	-627	-525	-866	-103	-776	225	451	725	-823	5	836	739	840	702	541	282	-985	183	-827	311	351	-425	926	-689	880	37	-79	484	813	992	924	-5	-730	779	-861	-675	-132	617	-221	-228	169	-302	-95	776	54	-370	-431	-71	374	742	-179	-904	-866	-548	-337	382	-814	961	-69	505	-836	860	-658	-218	963	389	-960	350	-173	546	-404	-268	-139	-457	554	161	-295	762	-533	-667	538	-648	944	-833	-905	-107
-629	530	-439	-583	179	-990	-604	-793	362	998	340	119	362	783	-509	-200	18	-276	196	251	348	985	-192	-652	999	599	181	8	172	-269	-95	-338	-101	358	922	985	482	274	305	107	-889	-71	124	847	-127	-916	237	752	-290	106	800	674	-705	314	-879	-384	-826	589	-138	382	-162	194	-484	794	-223	-418	-695	-170	-678	-680	443	-966	421	-253	-793	683	-665	902	91	148	-95	-701	-394	174	-422	731	-38	183	95	860	552	-932	758	84	19	295	-349	536	767	-105
-546	372	725	637	581	-645	747	183	-762	-954	-971	355	916	580	-68	284	219	-367	97	644	-864	125	688	53	-253	679	919	740	-627	187	-729	-75	-948	316	643	856	544	302	926	-59	751	-724	707	157	157	470	792	954	-998	370	-798	626	517	566	-775	-348	740	-368	137	-996	-798	-552	-140	-573	-357	-601	734	637	-418	831	-234	-317	127	-425	178	-347	58	-639	-8	369	-586	980	-261	700	516	410	-153	396	-243	-532	104	-629	503	625	-178	912	-197	-453	-827	-815
-509	548	-748	959	587	-916	470	-333	-692	-743	955	-54	981	-809	-24	217	980	-447	835	-517	487	206	-628	438	578	-87	-556	-921	112	653	-291	149	-687	354	-837	786	726	-662	-398	-834	42	486	196	-841	273	592	-746	10	684	48	206	-736	-710	927	-795	798	978	152	362	-236	360	-299	-334	253	-513	188	509	-381	-847	-586	-550	-202	-725	-196	-140	-709	840	699	-39	-741	-622	291	369	471	341	-717	-570	293	-294	15	795	-522	489	-550	653	935	-519	-715	402	543
10	-874	-623	217	591	-19	459	332	-931	-870	47	-265	644	236	-679	-738	-590	-635	-4	277	-15	-894	-403	-312	-566	-839	836	-978	-604	737	-172	862	641	692	-712	389	191	813	-311	-805	-926	-550	820	-309	-260	-8	52	799	829	870	-990	177	218	-782	-954	289	406	446	-293	-684	-406	398	720	-350	-908	-706	-795	794	-650	-859	647	-570	786	446	-111	839	794	399	-121	837	855	-441	-243	849	433	411	-172	808	49	711	385	-691	-474	368	422	-672	-566	-938	-504	-903
-719	-529	886	-414	-17	726	-932	-638	-141	679	328	-700	-203	368	7	-232	171	-959	-362	609	584	-485	-685	-242	-737	-82	621	353	509	-696	459	-776	-830	282	-790	-543	-742	608	209	-267	569	572	854	-172	157	724	-529	-455	911	516	590	275	-533	-256	-134	178	-607	-226	-52	494	256	-30	967	-82	239	730	123	-35	386	-433	28	-321	-284	-133	411	447	-413	376	-121	195	-192	-644	-342	635	-516	278	489	-599	-100	5	-541	529	968	801	-647	276	487	-932	58	-290
500	-293	439	690	567	523	607	-556	-816	719	216	808	-796	774	1	942	236	-270	47	-156	-599	-802	840	-579	-467	763	60	-663	577	-711	667	-665	-718	22	340	740	-896	620	-347	-415	-50	807	411	125	144	820	16	-807	-408	-904	-691	488	900	76	-708	-842	446	659	715	-405	-624	-185	156	801	-354	-629	525	-923	325	-226	-389	-106	-736	-524	-734	431	-931	921	-378	51	929	191	315	52	-627	-376	716	-575	-324	699	-50	-291	816	-24	-994	-424	-169	925	-168	-834
-871	2	-67	-209	-352	-720	-716	-570	-459	15	703	-264	-457	-573	345	258	719	123	-541	-514	613	732	-521	-277	525	918	87	356	-903	-380	763	618	-127	-920	-482	-114	-130	545	-778	-281	336	209	-984	-532	-994	31	280	-591	280	-707	343	-944	567	-504	802	352	284	-492	-246	767	607	-527	418	-144	-66	385	942	-707	712	-647	-838	-956	1000	96	-971	63	320	-19	-162	-92	715	-97	-64	-6	-502	-11	-279	278	-641	648	-950	38	-234	430	-4	-859	-772	-103	-744	915
948	285	-172	557	59	-790	866	229	272	-358	417	-709	567	769	992	256	-647	674	381	546	-96	682	574	-168	-431	714	-988	-909	448	737	928	-335	-680	232	862	22	-195	502	-692	44	-895	-978	434	564	-942	69	564	8	246	862	605	862	-664	173	725	118	-156	656	-552	978	-636	-988	-848	335	-990	-469	-295	-451	-320	-129	80	798	-657	-419	-974	-189	719	-560	816	-233	456	-24	156	-404	203	300	225	-23	-139	927	257	375	550	-486	68	-55	251	204	838	946
-365	-900	500	654	-637	-161	-139	583	944	845	936	-309	-500	-528	605	765	-25	710	-987	-668	821	-159	-225	400	601	-337	407	-941	352	298	570	537	-465	524	-338	-842	-530	-922	-437	-787	-415	-740	-352	-599	-455	-972	831	495	996	207	568	-273	-815	-74	-162	-543	-574	380	-10	493	65	945	261	687	-133	-629	959	103	311	193	974	-588	5	266	618	144	-170	775	598	179	-13	-644	30	767	-680	-52	169	143	339	728	659	235	-125	-659	370	334	622	488	-622	-514
-489	962	-756	-252	923	523	-56	874	-96	565	-774	-81	-584	66	757	310	-546	-790	709	-423	-815	-233	-260	-103	287	160	521	-418	378	102	-578	619	13	-722	-383	665	-665	-442	-498	439	-446	-839	-537	302	98	-280	653	534	953	-90	-498	-803	701	-983	660	411	844	-280	762	-442	-742	527	-713	239	-27	852	223	804	943	977	-363	-871	760	-202	600	-97	-340	-713	-687	-771	-435	-811	-696	-883	-640	-469	194	212	-992	-358	497	195	781	724	-105	929	-184	181	167	-944
-621	-240	913	-747	-608	732	446	926	-3	131	-585	-52	479	971	-20	-784	557	54	-693	-201	-587	-583	465	660	-358	-328	-556	785	270	705	-193	391	80	-221	963	-481	-788	448	-664	15	438	271	-718	887	-694	-804	781	-271	276	-789	-63	-100	-204	678	309	-800	74	491	59	239	741	-667	660	-563	301	114	954	998	-80	489	-247	590	-530	-776	924	169	-383	280	913	-743	643	-358	-203	835	-411	212	689	939	-305	-495	310	-104	-99	952	585	536	135	800	289	-980
-175	764	-183	50	-892	358	18	-277	-224	266	-646	127	261	712	725	-385	755	101	934	-510	-417	895	-309	483	694	946	916	-941	84	940	-981	821	750	740	-472	379	1000	-67	-386	-422	-351	797	-848	821	87	-689	129	-197	-169	904	418	335	-119	535	191	-73	477	384	956	440	-878	-414	125	-625	418	354	250	-646	88	-35	-749	-162	-852	752	-754	-336	-283	-890	-890	-582	-1	-726	-313	477	-997	-855	-515	-802	896	454	-709	94	-732	502	-863	833	827	-133	623	29
779	-994	792	-352	-416	161	-366	-511	-27	-329	-741	378	279	-71	620	823	257	787	54	725	-672	949	371	-637	993	-732	-685	-975	-340	556	-473	-126	689	-817	684	-883	-528	-461	241	820	-903	768	-74	-623	50	163	441	347	338	795	-786	-453	-447	137	-200	327	-849	745	455	606	-97	362	-299	-99	-711	-72	-237	-369	-837	-678	-354	650	-807	328	188	-563	450	574	683	139	-306	-909	635	930	-826	-889	-825	70	-646	220	-938	-603	815	164	252	-155	-919	991	-31	-932
-97	777	583	-862	281	472	953	424	421	803	758	-427	219	851	80	-243	-726	-823	-744	-741	-947	-497	-104	718	-732	212	395	-464	497	19	517	6	554	751	819	-522	-194	-742	-804	-696	707	-152	-841	-513	354	-888	-74	755	477	-232	816	380	962	23	-162	-778	-191	-806	743	-465	-665	535	561	-930	-666	-494	-981	113	-581	-431	731	-63	-952	912	-990	50	340	436	-675	938	156	591	997	312	-839	237	494	125	-274	6	973	-275	351	0	771	-698	472	993	183	-878
184	979	944	516	596	350	547	263	757	570	320	289	26	366	-641	-383	-198	156	742	693	-222	435	119	322	-779	178	718	926	844	814	623	-435	553	31	702	908	46	-873	-910	331	578	161	553	56	-274	-857	121	834	794	784	721	110	32	-757	823	450	-356	-867	-90	28	799	874	960	487	648	784	12	82	-754	-181	-3	-466	614	350	451	-878	920	930	-351	932	-773	-286	-832	696	-256	419	70	594	-970	-141	-4	-297	790	-607	188	27	626	79	462	455
933	449	-193	-345	-149	726	827	-457	653	-495	264	96	-51	271	740	-297	208	718	-669	876	-905	-167	-378	-840	119	-105	112	-229	-382	-957	-168	248	-894	-511	-256	-551	-364	-982	37	295	729	730	-821	-829	46	-820	793	17	-806	298	-155	414	-681	-111	-568	843	622	307	847	471	-435	603	129	-722	691	-599	-829	-981	-567	-132	384	-257	-390	976	943	921	-654	-18	193	-536	-983	-494	892	-260	-3	790	327	-722	-381	-517	-80	-809	842	-697	186	753	-908	-774	360	-484
886	354	-718	260	-332	270	-381	-116	586	-196	-891	-606	928	-142	-827	694	-981	24	-489	-882	-793	579	-22	-415	-358	315	998	-784	279	-624	584	-252	481	865	-632	-725	-733	106	-155	-192	956	-970	666	-14	588	-811	438	587	-311	-723	703	-138	-986	-740	-81	102	150	-432	919	-322	290	442	-533	-557	-456	490	-89	843	64	-95	-465	-989	465	164	-200	840	-348	555	-298	-822	-642	121	881	424	823	733	253	-340	-604	22	-205	-300	650	-792	-907	-742	679	-836	789	-935
931	294	46	-737	752	536	-318	695	498	-864	565	62	-488	817	291	-703	138	451	-925	734	936	-260	-358	-140	-257	851	489	-316	63	569	-729	-375	-699	138	784	970	-728	-546	-715	-866	687	966	-377	400	727	296	867	-745	213	-244	948	-788	-639	-464	646	-789	504	-472	-139	-413	-198	-436	189	263	926	-340	-524	634	275	569	765	752	-985	-884	569	647	-468	-373	275	850	-601	46	-704	-441	-254	-298	667	-959	587	427	-487	230	712	-316	-870	-908	190	263	-977	-715
71	-332	935	-632	-413	-67	375	946	-492	107	-789	297	-563	885	823	-274	-232	883	507	273	733	-420	429	-564	533	547	-916	487	630	-410	-946	30	-714	552	-668	-611	170	-472	-163	-390	489	-668	55	956	-848	361	-577	-481	-670	-134	-767	81	-645	673	70	682	313	-903	739	-164	-554	624	169	288	743	795	427	-783	-476	-663	-116	-544	-287	79	772	990	169	38	113	-255	610	-153	653	-105	-268	620	-814	380	977	950	-742	231	-927	299	-876	-75	-144	79	686	-655
114	-812	319	-615	-144	-271	471	-984	-372	-836	-34	862	224	-823	284	125	549	-925	135	-800	858	-220	175	274	-81	-637	17	225	-553	382	-541	913	-171	144	287	-908	-111	-405	419	235	-648	-160	503	635	725	-321	748	-844	793	-996	792	218	-551	16	49	-77	806	-240	-544	-45	447	164	-422	-592	-304	200	285	-605	-929	-322	443	-780	587	450	180	199	-216	-198	992	628	-292	646	-6	39	317	170	-816	32	-337	-601	589	-416	515	-776	-918	-330	-39	483	-523	-244
34	-32	-316	-80	20	-726	452	190	-302	-820	985	513	-268	-167	-857	-957	-624	-817	-444	704	122	-104	373	367	-128	502	-647	-343	861	-169	-531	-677	728	739	625	981	267	-218	-153	-921	996	-672	-909	-507	-239	-987	-748	-760	-493	778	-564	21	647	-542	658	795	374	659	-771	-949	-338	369	121	535	-244	-482	-650	-311	153	-397	191	-852	856	646	761	415	-606	-337	616	77	-100	92	-796	-31	-944	514	582	-117	-805	354	318	941	-755	-659	-371	473	403	-457	18	-220
-465	-87	628	-414	-482	918	-499	894	945	-271	-77	-271	-614	-756	254	-453	991	-202	501	407	207	850	564	590	-670	318	627	-193	-203	534	968	777	274	-945	147	813	-551	741	-168	115	-877	485	798	-649	-633	597	-399	-194	325	-375	-789	-974	979	-509	-559	626	-41	197	556	410	224	392	941	-479	316	-419	-157	-896	-597	-667	-319	777	257	591	616	-24	972	-486	957	736	-276	-726	-997	-638	-822	-620	-996	-390	-275	724	393	552	75	421	-598	435	475	652	271	-623
173	142	-756	873	-974	612	-1000	477	-576	-231	-175	-671	329	343	617	661	125	531	-363	-736	741	99	633	979	-430	-477	627	218	666	-607	944	42	903	154	676	-914	-791	153	-70	-475	-45	-919	124	702	748	514	388	184	858	397	432	459	596	988	212	-267	154	-402	-69	-437	68	-903	507	-225	-552	-1	-403	284	550	76	77	161	539	148	778	-51	-209	779	-363	57	708	660	-953	550	37	-950	335	721	892	903	-980	-431	100	-776	957	918	-768	-11	-657	-165
985	907	-13	508	11	-573	-301	568	394	849	-259	-302	-860	687	103	-31	686	356	-224	-50	87	133	-258	-577	777	792	156	-590	-353	349	849	953	715	335	-994	616	130	-214	-600	191	118	-287	-603	-531	358	-695	719	-396	-905	-484	-149	-118	-550	-487	-586	-351	-574	-79	-869	-786	306	322	-579	355	258	-376	-499	-421	-420	343	192	416	-796	-484	-739	-25	-178	590	145	-367	-849	375	-298	978	684	250	-220	-677	210	-857	388	-51	-986	897	-915	820	-780	-689	-37	557
751	-717	-314	-832	247	262	-245	-974	336	404	464	423	293	-458	-810	175	-620	-742	187	-581	285	747	-899	745	-997	369	594	-80	-56	-900	-76	571	-450	822	-776	-174	879	22	895	857	-970	-753	843	-989	-126	218	221	-915	-157	-754	-466	121	-226	-178	-951	891	-491	-94	90	-425	-800	132	-534	797	815	232	-428	320	985	37	948	-29	960	117	-30	225	-493	630	385	-502	14	-823	-296	-862	414	150	705	542	-716	-445	-272	838	-647	-159	826	-979	-819	-22	-336	167
-859	-13	949	923	949	-214	-520	-842	568	-372	79	-707	-384	834	105	-516	453	-766	-89	-802	221	240	-848	-187	-747	-475	-534	-67	55	986	958	-466	239	-267	652	-348	-153	-339	240	-984	-465	547	-862	402	256	-420	-369	-19	16	890	125	855	658	-838	-901	895	-160	987	570	953	350	-19	692	187	206	-890	-935	-116	112	135	429	-330	-347	587	-709	919	-806	434	446	186	-613	-73	-973	-556	-194	-818	-488	490	658	727	559	838	317	-258	-629	482	-603	980	520	364
-167	-845	977	-486	559	-552	-431	126	-164	-779	889	-474	582	-413	757	148	-298	944	-618	211	-969	-57	-576	664	825	-900	358	-709	768	893	26	-448	-410	-528	800	-63	-134	-139	654	-42	62	124	421	811	-368	-861	434	877	-473	711	294	-322	76	530	-828	971	-254	140	-284	194	-302	75	-524	203	-739	859	188	-831	938	-235	-827	-499	-264	-806	851	-157	-64	451	701	-862	-158	661	-979	211	-700	823	674	-703	-984	-13	640	-794	-714	-573	648	-424	-216	409	-122	495
-168	356	-899	-601	-277	278	-34	60	296	-244	584	987	-172	45	168	27	-423	-908	902	428	-292	291	-672	365	824	704	515	-882	-431	-917	60	464	462	-575	-4	450	-48	428	-987	232	262	442	141	132	120	255	-61	89	-246	471	-950	-848	-518	436	367	601	77	-816	862	441	-523	-661	-373	216	596	-533	223	285	-468	-614	468	82	-77	-329	-729	-822	599	-774	-977	-11	444	-781	-135	593	-982	-627	385	302	-417	571	892	89	253	-561	-856	-114	467	442	743	944
-971	524	-291	10	868	-49	-738	191	608	666	-296	-413	666	917	-65	-42	321	-253	-878	473	-558	324	793	39	847	-921	764	91	206	30	203	-329	-656	-191	-610	570	802	-536	-298	-77	68	446	958	642	-219	867	853	-644	-847	-24	-56	-598	-489	852	-887	700	-244	-670	240	371	-46	-34	-232	395	199	-567	-123	236	-964	887	-600	-156	854	-849	-323	236	-741	344	-816	891	139	93	-40	397	500	-310	916	530	681	775	679	-76	-504	-746	150	-299	-330	499	359	-431
-56	-612	750	-45	-138	482	-537	269	207	404	314	-280	222	-610	992	-373	-748	507	-40	558	-23	620	926	152	832	304	880	715	-796	843	791	351	96	-982	-465	-502	396	798	-825	-696	-881	-800	-325	572	643	117	191	-598	65	-886	203	451	-268	-555	-797	88	-580	-682	-124	-876	-250	-54	597	707	206	-286	872	421	-662	-764	-302	242	245	859	-227	81	-829	21	-603	506	-761	96	-622	-315	246	-942	-688	-504	335	968	803	-655	-305	656	-345	-65	519	62	-288	526
304	-484	15	1000	228	185	896	-92	766	218	888	440	511	-776	776	221	617	976	460	362	-785	535	810	-455	-148	983	735	428	607	523	781	-614	-895	-644	164	-614	-607	557	-91	648	-901	272	-303	-853	370	220	-352	18	82	958	425	-797	-11	606	-628	-284	-563	708	830	-438	528	-612	261	238	616	-389	-308	-922	-837	435	514	560	-512	573	-620	604	720	-876	967	-328	-374	287	511	188	375	-712	774	-579	-501	-383	-91	560	-472	113	-35	737	769	695	45	-351
822	104	746	730	768	-483	635	-319	-376	-539	-130	-264	654	-559	-849	-356	959	-40	810	-621	-405	984	-447	876	-580	640	-139	306	-863	-641	345	-445	-378	-250	-128	-618	-679	-307	-397	865	-981	230	-800	-162	-519	-400	329	16	920	-258	-596	516	-598	677	-246	-696	652	-198	-547	352	708	143	-71	-162	693	-989	196	-164	-735	428	163	411	966	617	169	-501	-152	650	230	559	324	-515	209	763	575	-265	36	292	-734	70	-168	291	161	-550	-52	-267	74	624	895	551
-502	-79	454	564	917	-35	785	-499	851	-435	72	540	-406	-876	94	186	952	839	-657	-812	-418	333	-408	-531	56	-932	-756	-572	778	849	246	-682	-27	-178	598	605	713	175	931	506	500	521	-275	305	-182	485	216	-707	-30	-972	487	731	-721	642	567	-865	-969	-376	-366	-72	11	-526	858	-227	-768	328	-158	29	158	824	-786	667	-332	-356	915	119	650	-54	373	877	-654	946	-913	388	-296	-597	-671	-645	391	440	894	-269	-95	578	316	-807	489	293	-532	-845
-421	185	-216	366	367	-582	469	354	964	385	-99	-393	782	895	-716	869	808	-488	683	-727	357	-466	477	-518	-860	-548	-751	406	-445	-471	-604	68	-170	136	262	-52	380	-913	-931	-396	-605	564	-165	-573	413	448	-547	589	496	929	428	176	-316	-519	610	289	214	-839	220	599	-486	447	-343	321	-741	-503	615	-760	560	698	302	729	-340	-933	165	628	-449	624	571	953	-215	282	-205	-18	638	-365	760	3	952	-502	918	695	490	-753	-975	-157	-193	72	-658	783
-792	-19	-89	-679	-911	-189	78	-462	-663	207	-37	128	811	86	707	529	-492	-576	-104	-97	-291	-224	451	584	623	-162	-107	-519	354	-898	-860	-63	-706	-542	530	686	-1	-650	552	332	645	-921	-413	-125	198	-65	316	-560	-817	152	316	-187	78	980	877	585	301	-227	519	197	-381	592	-669	-753	537	-976	90	349	469	84	-574	36	156	-704	-756	-446	649	-315	25	-931	657	-414	209	675	47	-300	426	794	885	217	68	770	595	-973	426	460	-635	-486	699	-33
130	666	732	-567	533	662	-210	-124	-718	-47	-544	-458	-222	659	-557	324	-526	644	435	-609	-913	-781	-620	-169	-411	23	-709	690	479	482	207	371	398	-917	-161	547	474	-84	969	476	-833	447	309	-604	710	-636	618	-275	-969	-560	801	63	91	634	-342	-140	-188	-266	850	366	-606	901	-673	-228	167	426	-786	221	496	-438	453	746	1	417	-453	990	250	-604	769	-356	-324	794	-774	-117	299	-109	-749	12	-171	-845	-732	-640	-664	862	329	123	-733	-287	-841	-994
-615	808	287	672	-647	801	348	-340	-929	228	171	-787	752	-436	954	-880	680	2	366	-989	-558	609	149	-540	764	-871	750	-712	376	-291	-83	-501	310	-639	179	-786	-977	-615	8	470	-466	746	616	824	-742	-410	-486	868	461	668	-216	333	751	-156	651	303	-658	386	-786	-475	-540	755	-54	-591	639	944	712	-538	-646	-462	-543	226	-148	-289	-146	758	-676	393	-479	505	-615	769	-232	-921	-769	-552	-282	-722	368	-526	528	28	-806	-607	331	987	-869	691	-109	489
89	-356	-414	860	-4	-434	376	831	-877	154	168	-998	773	-480	-654	-889	262	665	871	-433	849	-381	-780	-136	-602	-106	195	-239	-746	-599	467	-650	-320	788	184	858	859	495	440	490	388	899	829	740	-83	-663	-25	-425	967	240	920	707	258	703	122	169	-597	-572	-912	185	745	943	546	616	-223	490	246	-906	-129	-873	-470	-538	-383	986	982	-404	-679	-409	-801	351	-437	-785	-626	-566	424	370	758	103	562	-319	-365	-713	192	393	-107	-691	-834	-23	244	-428
-368	-214	457	448	-716	375	-818	-236	-926	-668	402	1000	-780	-664	990	-384	-654	-256	583	-700	30	462	654	-760	605	678	-172	707	-477	-325	279	-912	-393	575	599	366	-566	-576	-490	502	518	-831	156	610	150	68	-167	-44	-400	785	442	157	-340	-731	849	-189	-975	767	-942	368	-858	373	204	546	922	473	-422	-348	373	-287	200	795	438	-842	-819	-909	669	148	269	-213	-653	-34	204	656	696	317	-244	-484	976	550	948	-983	-888	-238	-980	-697	-139	-756	-435	908
870	-702	-910	44	-285	95	534	83	-666	104	922	31	-635	-741	682	-923	-535	-832	482	563	265	309	-847	48	236	-76	677	882	-758	-691	469	-515	78	-289	756	501	992	-638	276	-315	868	996	753	147	-943	812	268	-580	793	-704	-381	770	-67	-513	183	906	-993	-549	111	-502	851	-555	80	924	52	-759	-102	-487	-199	-833	-611	197	242	911	342	235	-585	-774	523	15	-412	-879	-160	-494	403	790	-55	65	769	-254	-791	-588	-810	613	717	519	-531	77	55	-887
573	232	208	312	-448	-505	998	964	-276	847	-427	575	859	137	-716	68	779	171	-573	744	926	-524	238	-608	483	-238	-904	-529	-990	572	437	-734	-563	776	-725	-743	961	204	929	429	430	-351	874	614	844	359	-830	889	-585	-448	924	523	-889	-309	391	989	-704	129	-831	-691	795	-307	221	-606	339	203	-715	-906	584	110	-41	-816	254	-297	662	-127	-156	882	54	963	116	-437	-584	134	-754	-111	584	503	97	-820	2	383	514	-144	-233	-893	680	-784	-930	-99
300	-681	585	-490	232	-608	-919	-215	985	732	826	-206	-634	-533	-246	501	546	623	-625	482	438	777	394	549	-337	28	818	-75	-190	737	606	-939	124	-576	-491	-115	346	-304	-87	-549	129	-241	-113	-110	629	634	-798	313	432	-912	113	942	427	-312	23	537	548	220	90	909	108	886	352	542	-22	415	184	-284	-495	-861	268	-820	-936	-35	-511	684	-827	674	248	34	-407	-611	-662	360	-431	697	463	505	-970	-420	617	-456	70	-329	427	-248	978	-172	-110	-112
52	139	-230	843	609	-444	-901	-16	395	-558	608	664	-861	-346	-565	-873	-722	807	604	622	42	693	-336	-690	524	315	-580	454	576	131	494	995	-704	-355	462	824	658	-749	-133	847	-931	-253	880	144	885	139	222	-300	-356	-57	706	525	-786	-706	681	551	-77	934	-344	-694	-724	-429	-260	-897	-981	756	-703	404	-402	-620	247	-115	976	-241	-855	803	756	-919	-243	-136	-26	443	-688	-607	-689	999	880	-222	-126	-631	-843	96	-915	283	780	971	-712	-442	-312	-840
239	255	-836	197	-545	-652	-44	-98	-574	327	221	312	-646	347	-615	692	-636	-461	585	682	-634	-549	-862	37	-495	-844	616	1	314	894	75	32	369	-309	-391	131	249	-819	-289	-332	856	32	-675	-561	-834	-362	47	-211	438	453	-888	-914	219	-118	-541	-63	873	-80	194	229	-672	-243	-553	308	207	-360	513	-748	319	545	-215	-786	477	651	903	-329	-970	-524	184	-645	-388	683	-367	-757	-935	140	509	-43	-95	-334	437	-209	709	45	642	939	-997	-408	-313	110
905	-159	-221	-953	297	-89	-455	-292	-424	282	28	-636	-793	-122	-179	797	492	-747	57	470	-380	-533	-716	-662	-861	856	687	-139	-277	-90	379	757	-691	-693	-871	972	803	511	670	-357	674	-205	-972	41	-216	-302	782	529	-835	747	794	784	-405	623	-646	699	-615	-159	-868	-50	198	394	470	-65	128	-178	-999	392	356	97	-425	214	-543	-512	-103	545	-722	412	-622	114	211	298	327	871	-82	-920	502	812	829	681	-646	633	452	791	118	121	-209	-218	812	19
-586	564	-555	-272	476	-6	-820	437	809	-458	-340	803	814	-929	-308	401	-60	-25	-261	-970	-633	-839	423	-40	142	525	85	-83	206	-39	296	-626	993	642	874	67	-261	15	-893	-245	56	157	350	557	950	-286	-267	-930	623	547	-823	-314	805	-876	-169	710	464	-897	-757	857	-407	-363	-379	525	-203	860	643	123	-53	-964	300	-947	691	-144	603	-177	627	-171	-580	-474	994	397	334	-172	-700	494	-85	-728	-415	816	-395	-713	-163	430	633	-758	593	-783	292	-114
-555	356	369	-814	303	-863	330	-882	858	-847	57	-669	-361	-650	-916	-746	876	639	783	-687	585	937	659	317	53	755	932	80	888	10	314	-178	-905	522	-737	-166	201	840	-523	-561	71	584	707	-192	623	195	678	230	934	320	-926	874	158	-792	452	-221	-937	502	-211	835	799	450	690	-575	-111	116	-492	-626	281	989	617	-150	859	591	400	-756	-921	-557	318	543	263	221	996	480	-644	72	920	-385	766	-92	-4	-646	175	643	905	-905	371	76	392	-814
78	625	-788	-387	-7	113	668	902	826	-12	-418	142	-30	427	108	-855	552	-861	-734	-394	145	983	670	707	-685	-53	-921	-495	-265	-901	435	-308	105	398	-154	-239	280	675	996	-359	-287	235	-405	928	224	596	-200	414	683	665	-161	556	666	-208	-868	885	-688	-466	-750	506	514	982	256	-916	-380	491	-496	336	-792	720	-947	175	-696	775	-188	424	-926	423	-885	-590	-931	577	-216	-310	206	-550	-986	806	-167	-681	-371	272	-718	570	-896	422	-983	466	745	529
-260	-822	969	952	-114	0	887	-66	-900	-274	-648	778	493	-840	760	469	-561	967	-692	494	-92	-134	-390	-146	605	-88	-679	-969	334	169	751	130	737	-458	-764	-439	380	-364	-709	964	17	-950	-729	869	-410	17	589	-260	894	66	-905	849	478	112	798	549	992	-207	-939	-489	-983	451	-218	-994	-752	483	-891	215	-277	-961	-450	708	-81	-180	830	-135	-104	510	251	-131	-907	315	466	825	-966	84	429	-713	611	373	-911	774	916	289	66	-897	-564	-842	-899	-785
-482	-9	-130	-7	511	710	4	8	139	982	-898	753	-165	700	-738	-266	-380	966	947	806	692	-131	-497	-519	-439	-867	143	189	-679	-939	-377	236	-622	495	286	-423	-419	-995	-253	927	-857	-777	-265	-905	748	-332	-497	-901	-946	68	-652	54	-508	-283	-988	-333	836	-851	-990	-973	-657	-643	388	539	167	160	269	-897	-421	-306	-15	-301	-976	-910	-765	-984	-90	-31	-217	569	-398	692	443	-754	714	97	-219	346	-680	689	-905	171	-268	494	674	558	-993	537	-784	774
961	-431	593	592	-540	535	-527	-532	466	494	-980	-345	-277	856	258	-154	-629	675	-746	570	-259	-208	153	-794	118	917	-10	893	696	492	720	-887	-770	692	627	-157	194	-171	247	-631	-549	-825	-971	-756	468	539	412	0	-965	-407	-612	-825	-339	930	-159	-826	-822	-102	313	-321	366	798	-512	-926	467	-796	-125	-880	618	-491	742	202	-778	-514	-154	944	-792	675	-383	-318	-781	-108	351	181	-175	784	351	-927	334	-291	-568	-264	-159	-916	877	865	-29	-997	-67	131
-734	743	745	-676	476	-129	299	45	-4	-98	-157	35	329	-338	327	-508	208	959	874	234	-351	778	-590	-499	-12	-434	244	-784	565	925	-380	-157	-422	84	-1	360	-508	695	-824	-439	396	817	-349	372	19	35	47	-199	-334	-405	155	-132	69	787	339	101	549	-395	-962	-95	-555	-706	-845	173	-1000	-188	-768	-55	411	981	-182	-297	-661	-181	-741	611	438	742	-12	-926	-930	238	651	-21	-980	396	-681	-314	161	-641	668	515	408	-121	-597	529	-284	394	-571	52
2	-963	-613	853	-98	774	-813	-366	-886	-54	-37	849	366	-621	401	-107	-578	-268	185	-584	-236	-857	-692	-279	903	-235	-812	573	-584	-72	59	-245	277	453	-779	18	573	263	207	-487	865	25	798	29	81	775	978	-262	181	-35	-195	-349	-973	286	0	880	-449	-870	639	611	245	-203	311	-232	-794	-177	780	650	-577	799	187	765	845	75	21	-134	-152	-890	-256	-313	-491	-108	-869	922	48	31	876	-625	-857	-200	270	-855	-820	365	-322	545	-669	994	-620	32
823	-427	-287	228	-927	-493	-357	522	-502	-312	168	-287	-825	-547	3	-650	-826	-220	354	-50	746	-614	-959	-535	-301	-493	597	350	226	595	140	-398	-202	845	-223	252	760	439	527	-704	-224	-776	-901	252	-252	-995	588	-355	781	287	-118	848	162	-945	-886	241	-473	-827	617	556	654	961	-504	-126	376	870	-40	-264	-167	875	909	904	471	874	644	-352	-641	607	-426	691	814	607	146	-844	-548	-268	404	-560	-418	126	941	-452	-699	573	-876	831	-545	921	-529	310
373	743	-854	65	-420	-337	-46	329	465	-335	-129	649	-152	-805	-133	842	-866	869	692	768	-238	-994	648	-74	-151	-37	334	582	-722	482	-737	-483	-656	861	-347	-909	-324	-180	-702	-100	365	-974	884	-122	183	-754	-986	-112	-177	504	-754	747	565	-666	44	-92	-857	-592	794	-506	601	-843	-175	-217	571	819	32	-192	327	739	958	-643	-721	135	819	-40	196	-454	841	-725	-716	-223	-456	-462	316	-853	201	100	-853	-526	-27	-336	-401	-636	654	267	-513	-657	-630	277
-710	394	-224	-943	11	-511	218	797	-520	281	-548	-332	712	661	993	906	129	997	-63	854	-515	383	-559	248	917	-893	-510	833	-541	504	-759	796	-595	137	-9	613	621	824	354	-690	-824	-372	-624	-657	-659	-238	-36	-660	-959	394	266	163	695	-50	-536	-925	-438	476	-95	361	591	462	-590	-837	-328	385	-540	313	-295	-618	702	469	372	-308	-577	868	-134	952	685	-186	-553	-899	-939	-423	443	973	775	-813	-778	307	-91	-821	-843	438	803	130	-631	108	145	-933
-961	-436	458	452	322	729	794	300	113	-226	964	867	271	-848	-372	77	94	854	-414	-568	-510	-537	590	722	-236	34	-902	797	609	292	-518	973	-897	-241	852	-376	-44	-174	736	-114	958	185	569	576	-563	415	-675	717	-472	160	-659	756	-13	607	-624	241	-248	-899	114	-785	-881	714	-701	587	-15	-753	837	743	-811	-575	-570	-189	837	-836	-674	-894	-647	771	730	810	-309	299	-58	697	-306	83	184	621	143	310	-557	865	756	-142	-626	-439	340	80	-914	-499
