867496	-2040061	-704409	1008093	1336332	-963329	2082187	-500320	301622	-1662680
-573987	-132071	-1457911	1197286	1498962	-369163	-641879	-1097881	196883	1596312
1813803	1740218	3417104	-919361	-2530270	1352715	-469958	460893	942028	-879921
-416757	-2268897	-1644795	1602601	1419976	-743171	-562506	-823954	-421311	-519157
-726725	-3297046	-2103309	-345690	1727575	-333999	-584618	812285	-412939	579514
1387841	-1232153	281995	-1783216	329	1835051	-1630474	1635420	770051	760514
1063778	-24791	1048977	-859252	-580702	1947461	-172694	557275	-1765149	-1707785
652467	-85639	-1292453	-513323	1908535	1487720	-396871	1396019	-321885	1054431
-1389983	-1517687	-2113345	983008	1790700	-851667	291184	-581958	-1065083	250405
505940	943196	1280635	64834	-952333	877079	-726007	969776	359524	1339038
