4884.14230398
9035.95846291
17312.4305395
7273.60562143
20780.886706
23534.0603481
11579.9780632
9943.98739263
24407.0141725
21084.1812159
21587.0000163
34955.001093
23172.7569766
35435.2091382
11395.343177
29389.988228
30856.6272205
29293.2876294
10746.6936006
18620.5325987
24025.3550538
13208.9295293
13623.1788318
29633.6125301
22890.0766907
25367.599195
25591.4139946
32127.8573461
28228.1491003
18144.7382462
24922.4743168
38351.0993553
25417.8548924
20159.7428878
10374.8503932
18660.4642086
20701.5384615
14378.783673
12705.9428635
6564.28632176
28728.7085231
5497.04892112
9163.0509399
22908.6139418
22224.2959085
20945.6626612
34866.7222103
12163.7939439
15453.7320444
20898.3154403
22688.3182074
21204.298392
8112.90947358
28055.5572736
21070.9688099
20148.6874585
10595.559495
27091.8521313
18665.7635603
22873.6261671
15843.1161311
16029.2014128
9725.62294709
10071.3074011
22953.5253141
13148.9161617
37388.9716841
25669.2388989
26877.6552422
27545.2267558
25222.5996479
9591.64740251
28203.640194
31801.0025461
18242.1907746
16284.2799539
11074.7964589
30150.443519
30550.1707348
22243.7178782
19978.0265463
31464.4664106
11326.255685
12018.7262121
24542.5373766
28179.5383755
9911.68369614
26111.2419445
22703.2858414
19960.9596139
36695.9546339
26266.5512349
11957.5872036
21074.3167004
27812.4170694
8341.99641561
17201.5101463
30696.6701994
20224.752733
17241.9556709
