101486.980609
108684.95631
119823.563755
108462.086998
93356.5131764
117790.730036
107969.533902
106495.445195
109912.973179
113030.809243
111735.767267
97148.4208966
94836.4495276
110011.372868
93700.2784223
101629.245331
108494.56481
113068.035525
106109.581099
81796.9494757
103503.438176
105837.16946
97522.3880597
98179.173625
94143.0538977
111439.53186
107558.285267
120500.529213
115020.683833
92219.0138467
92516.2834771
90219.2189667
119647.967012
99781.9178639
92711.2268033
113953.488372
97484.5440123
110197.306522
113019.559902
94680.8329792
117526.492287
98689.7978929
101233.70016
95868.8973726
104364.088204
111844.744618
113627.324598
84395.4844128
102708.485094
94609.1215601
99005.2878966
97877.6999136
94642.500801
108661.646379
88351.6964611
95138.9003911
107276.453202
107283.882097
95033.4479371
113420.435511
97613.4017833
96042.8469533
114394.080997
96660.3678508
79692.1685909
99562.2083622
95630.8934141
92225.7851966
109685.772774
111006.776926
108162.015565
104423.66691
109720.442899
78591.6594266
108497.053045
114405.872025
117995.125194
103923.59165
102757.742148
107475.089522
123672.964313
94243.9487203
76011.9276477
109141.987372
78107.2550956
95200.9220131
127058.389026
75834.5916862
71037.6709557
111372.373214
89428.1736962
112983.008406
68989.3228762
101450.954094
101638.545135
91565.8631922
105820.751933
100496.841072
112381.829281
111840.032154
