9221.17862189
10154.1467129
10448.0878935
14183.1282184
13567.1338857
8623.88180085
10806.9225214
12905.9273795
11721.1188543
10384.3489399
8584.02367096
9504.39367311
10628.6859861
10902.7146814
8936.70270025
9622.91008825
9552.13902334
11340.1417905
10780.5475102
10363.616837
9430.33744241
10141.9343586
10205.0322432
9394.43916496
9122.45781828
11852.7324307
10288.9035184
11686.6876768
8768.03959696
11816.0526041
10086.0025968
11953.3531701
10670.6723824
8799.41770663
11006.4926597
9496.1540621
11542.383925
8830.83373649
11020.5848807
10039.705127
12554.120633
11473.7832799
11009.7315715
9552.20302156
11137.9021334
11367.4977019
9524.51052016
9294.67247512
9332.93867595
9398.87478933
9743.6692726
10416.1734851
9262.71074939
8726.94061
9123.66744408
10231.2261832
11259.4618924
11391.8679804
10564.0006477
9224.195663
11784.443939
8709.92989942
8707.41458238
11604.9204202
9993.36536262
10684.6261675
11668.8176233
11092.2314235

