3371.47684712
16136.2933606
17133.8026625
16956.9899743
18345.3319036
16673.7515493
11479.7842737
23127.1587957
20699.2908938
10799.115248
20095.5374942
16837.5223294
27304.7566661
22491.7111143
26561.7051224
7893.14436182
17029.2578359
25765.7000192
20663.7191692
21624.6301295
1789.75593473
5614.10522081
6975.67761517
5511.97854207
12527.0248731
20382.3704243
16318.1365588
19279.6083781
16438.7623628
18902.9387285
18439.8663142
17813.0409824
17394.4924097
19981.5733272
16364.5792177
18485.6846872
15498.2285604
18850.8954849
17593.7839428
15426.621085
17730.189524
17148.4386923
16940.9591164
16280.2157472
18441.9814379
17856.6089749
16266.2658944
19560.7138239
