6658.16227968
10146.0587443
8648.19279061
5958.48049888
7282.17400439
7143.44854209
6864.31107998
6417.4244433
6193.47804633
6284.83974557
13324.8180748
21215.8451234
18863.6743081
18320.6513928
14008.0777442
17349.6062791
12576.5224871
19226.3992879
25321.7802193
23712.6850667
25253.5255336
26845.692258
25557.8881188
18708.3599955
21447.5329103
20412.8356013
24789.0738767
22428.0067455
23534.1517197
21802.1375747
31775.2667145
24901.5036912
29160.6218944
31780.5447662
24862.3497211
27344.0933243
31626.276858
30454.3695143
36136.313313
19453.194335
11655.8404341
10153.0372983
11424.8960042
13944.4291609
11297.9606731
13799.3806569
10823.851461
12381.3121819
13292.5092064
12190.9028256
15420.973005
17218.3755972
24203.053405
25730.7657143
24428.6706943
23335.9377907
20435.0612447
25104.2145594
22804.7891723
21997.861304
29104.0039345
20456.5842438
24838.2411772
22517.5925313
26723.3965635
25416.6349974
24292.7234744
29417.9474602
24471.7193734
27397.8319899
33632.2937513
41841.0752952
36332.4837734
30974.2394756
29338.3585063
35363.3333333
34648.7050673
30952.3726448
36749.9218831
40849.6837066
