2 4884.14230398
2 11579.9780632
2 9943.98739263
2 11395.343177
2 10746.6936006
2 13208.9295293
2 13623.1788318
2 10374.8503932
2 12705.9428635
2 5497.04892112
2 9163.0509399
2 12163.7939439
2 8112.90947358
2 10595.559495
2 9725.62294709
2 10071.3074011
2 13148.9161617
2 9591.64740251
2 11074.7964589
2 11326.255685
2 12018.7262121
2 9911.68369614
2 11957.5872036
2 8341.99641561
4 17312.4305395
4 20780.886706
4 21587.0000163
4 18144.7382462
4 20159.7428878
4 18660.4642086
4 20701.5384615
4 14378.783673
4 22224.2959085
4 20945.6626612
4 15453.7320444
4 22688.3182074
4 21204.298392
4 20148.6874585
4 18665.7635603
4 15843.1161311
4 16029.2014128
4 18242.1907746
4 16284.2799539
4 22243.7178782
4 19978.0265463
4 19960.9596139
4 17201.5101463
4 20224.752733
4 17241.9556709
6 9035.95846291
6 21084.1812159
6 23172.7569766
6 18620.5325987
6 29633.6125301
6 22890.0766907
6 28228.1491003
6 24922.4743168
6 25417.8548924
6 22908.6139418
6 20898.3154403
6 21070.9688099
6 27091.8521313
6 22873.6261671
6 22953.5253141
6 25669.2388989
6 26877.6552422
6 28203.640194
6 31801.0025461
6 30550.1707348
6 28179.5383755
6 22703.2858414
6 21074.3167004
8 7273.60562143
8 23534.0603481
8 24407.0141725
8 34955.001093
8 35435.2091382
8 29389.988228
8 30856.6272205
8 29293.2876294
8 24025.3550538
8 25367.599195
8 25591.4139946
8 32127.8573461
8 38351.0993553
8 6564.28632176
8 28728.7085231
8 34866.7222103
8 28055.5572736
8 37388.9716841
8 27545.2267558
8 25222.5996479
8 30150.443519
8 31464.4664106
8 24542.5373766
8 26111.2419445
8 36695.9546339
8 26266.5512349
8 27812.4170694
8 30696.6701994
