8727.12483442
19825.7211222
13151.7219957
23504.7861787
13417.7673376
28804.7602684
6833.18950406
9434.04809915
27731.761238
21744.1648407
19666.0442785
28865.2105521
26505.749099
35181.0873916
11392.3183554
31471.7570082
31020.5795449
31154.0612749
13694.5736246
20111.8373419
27436.5752534
7156.4103084
6792.98676409
30572.2732015
19768.7025965
25439.0198326
30082.575772
34857.1134551
29701.4876778
18637.7596317
27660.4301028
32364.9934429
21040.6866016
17765.6329902
10487.0512016
15932.8138783
17447.9065365
16662.9010393
13765.0023015
30697.2107328
27638.1090977
9918.49363247
10241.7792633
19386.8500118
19908.3894394
18327.287379
26997.1490407
6650.19161377
12827.4082604
23516.0890329
20119.8141092
19362.2057337
13015.307972
25269.6164452
21845.9464917
10840.9999361
10903.0701115
23611.3566628
17350.7152628
18399.3891067
13909.0700853
12801.6351421
6402.30641472
12391.3669589
23628.8011762
13867.6634904
33869.748353
19988.0999033
26267.0754007
32304.3016131
20945.2430933
7020.71022421
24846.8610398
26031.8063396
14728.9267786
15032.0421986
11273.1905038
34361.9006757
29149.2940751
25199.0331937
17912.6730564
26756.9866343
7062.29729041
12764.3972908
22697.677278
24941.5756548
7889.3569247
28637.5630443
25244.5281834
21997.7158442
32431.7433492
23372.7143362
7694.12767219
21052.407529
28213.1177507
6326.26238311
17906.8732057
34836.9556096
21256.1842979
21260.4663561
