9221.17862189
10154.1467129
10448.0878935
14183.1282184
13567.1338857
8623.88180085
10806.9225214
12905.9273795
11721.1188543
10384.3489399
8584.02367096
9504.39367311
10628.6859861
10902.7146814
8936.70270025
9622.91008825
9552.13902334
11340.1417905
10780.5475102
10363.616837
9430.33744241
10141.9343586
10205.0322432
9394.43916496
9122.45781828
11852.7324307
10288.9035184
11686.6876768
8768.03959696
17779.6320909
22828.85405
20765.9837641
21456.2491699
20235.388671
20963.8080252
20286.9308252
22003.289073
22497.5266055
19435.3873753
22498.221216
20950.3657586
22456.1965549
21287.8264023
23635.2737393
21238.0373567
18998.210106
23327.0202473
21032.3675054
19630.2654447
19659.1972549
22212.5322687
20825.0858797
19745.9258596
19854.1124637
20543.8841008
20635.6819623
20153.5579092
19775.0013254
22452.8990566
19407.4217693
21018.9157194
19060.4691113
21009.9460201
18853.158408
20329.5661857
21649.4513627
20875.3909034
19718.6101796
18897.0017043
20927.0626929
20745.2238911
18392.4438225
21260.172703
20041.2199837
19696.273884
20856.8241024
19836.8888248
21066.3549058
20602.9567843
