9279.53644195
21536.1677211
15435.4715076
31546.6666667
19690.3948605
33586.6213965
9401.27140392
9642.66504466
36097.2005116
17899.1496846
19652.6477905
28985.5507794
20655.932833
36529.9414678
11649.5811562
32573.5764655
26925.4443195
29147.5260478
13391.6409404
22904.1826212
20589.6366946
11769.7386703
12751.838194
33034.4578383
15309.7998151
22490.6767994
25548.9273223
18663.7647221
29999.0134575
17363.4089308
29293.0138232
28990.2526805
17659.403985
19372.2619388
8836.36207742
17993.1265012
20242.1963144
10354.7937251
10926.0797662
23053.1639521
22846.512049
8601.47168604
9546.46811012
13840.0863804
23640.7653611
17481.3816159
25216.6501448
12410.0000995
11940.4565433
21522.9448515
23529.2562052
19297.6210753
11472.9254732
25433.2632464
19672.7125609
17298.9861939
9849.36515475
26061.2639855
16598.2829679
24724.3504646
14147.2000721
17707.6280448
7788.97695165
11777.7777778
20090.629624
10466.4809498
26550.9577733
17438.0220857
28471.4125822
27884.1656473
17379.8007761
8402.39804525
28357.8571429
27855.7987176
15297.547912
16597.0805105
11587.6230368
21633.9816316
26874.0627016
20856.180095
20738.2291747
32195.2160679
10061.6834941
12792.1922511
25111.2966055
21771.9363199
5949.17739914
31231.4148681
18633.0123191
24348.0623373
30017.6649856
20037.0934307
13743.6599958
22838.9329471
29574.9473061
6836.79725928
18929.5335779
24052.838934
19625.6359372
16027.2557087
