17072.1576002
22519.0590995
27318.6195337
24196.7319883
27330.5841404
25727.9199735
23938.8947808
26665.6857301
27197.6709711
29490.4681012
23604.2316793
27502.6535078
26235.2993905
26258.4562012
27367.0153444
24714.4933555
24633.2131434
25978.8944359
23127.9134414
26093.7418491
26164.6597521
25829.0078355
28364.4926248
21582.4837813
26902.141878
22978.9077213
28519.3410489
23943.6955844
21779.6127136
27706.0351916
22909.7035495
25627.68264
27424.0808936
23134.094388
26006.5722802
25732.4488668
26177.7134531
24493.6123947
22925.0117113
24271.7236349
24235.263129
25417.803208
22580.1748361
27225.4136514
28018.1914662
26510.8536179
26341.8131954
26053.9967474
26419.0859816
25793.8889168
29679.3701204
23785.8939832
29177.6499962
27769.2223798
25858.9501927
30998.1892358
24049.7858914
22999.7551704
24819.5339503
24050.5345615
22006.9478834
26535.6478892
25172.6694915
25065.7478409
27431.6504544
25632.2651967
26582.1312658
30255.5731041
27138.8248959
26543.7472703
30598.448312
21458.1483277
25999.5641888
27592.4791886
22528.9988019
25801.4063499
28169.7600797
26150.3614935
23680.4880311
26534.4461066
25178.2724844
28698.1274776
23356.3595062
27563.9621094
28019.5538627
25835.2451338
28370.3889726
28492.2860391
24163.2099875
24093.5902666
24114.3311305
25094.3437672
25380.4131044
25409.3307874
30800.7234727
28167.7838202
23215.6802175
25386.1760077
26090.3099145
24837.7667764
