12122.9511857
24678.9735533
17312.4305395
31546.6666667
21257.9253645
33586.6213965
10180.8021215
6870.99940181
33248.1675393
24175.6472529
18461.7439208
37297.2144476
24064.5568963
39920.1014345
10465.826266
35923.6698756
28082.8757802
36953.234214
11571.9034721
22904.1826212
20589.6366946
7244.14873602
12540.2169226
24031.8177995
19188.9752476
22490.6767994
25548.9273223
18891.7302249
31642.2796766
16323.9413634
28066.9376633
31629.8265707
23235.8835586
20864.1340335
10540.9809983
11308.4596495
17518.3241984
12944.9862257
13757.6696772
34991.8699187
22846.512049
10041.1825928
7674.80033396
19038.5680479
26240.8016751
12151.6143532
28850.5125981
10517.5715887
13434.9279885
21522.9448515
21055.9768937
23679.456588
13153.3107245
25433.2632464
19672.7125609
14810.1763813
5737.29697661
26708.4478235
17369.8119969
24724.3504646
17755.4920437
17707.6280448
10377.3753153
11748.4661516
21359.4570038
7047.21103973
35356.1261591
24830.7315332
26752.2238289
27884.1656473
17379.8007761
10357.4089415
25172.814133
29284.510551
14444.2389904
16597.0805105
11587.6230368
29110.0408905
23890.8317674
19352.0492344
17437.0537392
32195.2160679
6535.24306374
12792.1922511
25111.2966055
21416.4491654
5949.41535672
31231.4148681
19905.4634593
18331.1694768
29599.3670718
20037.0934307
13743.6599958
22838.9329471
29574.9473061
8752.48625578
25033.803361
30923.0310855
18040.9127846
18162.609519
