-493	444	-498	-243	-455	-264	-314	-347	803	-403	-11	-70	-449	-435	374	455	213	859	-395	-377	698	165	199	359	-906	-778	-114	-914	462	-507	858	10	93	-539	-937	-872	-710	-421	31	163	-378	418	-894	-320	989	671	876	500	-490	-641	-590	-710	661	895	-538	513	-465	732	636	-831	448	-880	-195	-356	377	338	-240	979	-25	662	305	-786	942	723	-822	-2	83	20	289	572	-822	-170	845	797	-393	589	986	-113	-336	-351	708	742	-257	976	955	551	-777	366	-855	738
301	879	166	-246	367	-147	-884	-546	242	550	-925	-740	745	778	-436	-487	-238	530	697	-766	290	830	939	385	879	187	-696	-275	-397	-189	459	-843	566	303	-100	657	-290	-850	356	753	650	224	-320	438	-621	-40	-702	-889	-863	523	788	338	-318	744	-971	702	-216	886	834	-165	842	-733	-704	852	-929	681	476	45	424	327	124	432	-148	-265	-810	955	-512	8	-795	-474	190	-592	420	26	960	-684	-336	109	-936	567	101	-988	288	-521	766	-93	260	-530	580	789
-62	-849	468	847	-793	-422	-982	-362	981	-96	-145	914	874	977	216	833	488	-32	190	-408	426	-286	289	-855	20	691	-330	845	411	-240	274	-785	-808	465	-784	951	229	-12	-859	-522	-79	17	-847	-224	780	-350	958	-680	-700	662	-43	-168	119	846	-13	-532	-564	-242	-564	91	425	809	-219	-634	-156	348	-986	-772	-371	-649	-624	938	601	-306	861	-765	-703	539	-237	-698	403	80	-996	-916	-883	-712	-231	-997	-371	643	772	482	459	658	986	885	-945	229	-725	487
-92	-526	620	895	2	890	689	-846	396	-265	80	910	-314	-140	-314	450	72	680	-467	-229	213	558	404	843	121	496	-164	-135	-994	-58	-71	-698	-191	-8	498	-513	955	785	402	390	502	-322	1	796	903	-101	916	617	777	-531	366	659	-198	299	-94	-762	-203	700	984	646	-516	367	-824	801	-736	-859	-135	325	-963	-449	399	38	785	-445	-403	845	-725	-465	273	-467	174	801	374	335	-56	-653	725	619	-277	-391	785	-489	821	404	-845	810	998	-681	718	-630
512	685	535	-892	-945	-46	970	-631	-99	143	217	-347	-552	346	469	-811	-835	252	871	-830	633	406	445	-946	-501	-425	-950	-499	-391	738	-332	-819	-874	391	917	479	-964	346	759	-731	-315	-750	-236	-452	-325	590	743	-285	488	-230	522	-446	526	-769	211	-452	971	794	-138	-819	-269	-274	-433	-560	964	-765	127	197	-31	-819	389	-424	929	837	-401	734	-243	-921	-849	-406	-435	35	207	281	-922	646	812	918	-956	-905	422	-132	234	-92	-603	561	-341	-811	-149	810
734	-678	-980	225	209	-3	658	2	686	721	-579	748	-382	533	274	-246	72	-405	-965	71	618	496	689	-304	45	-313	331	276	465	54	667	-644	129	65	252	-766	-71	33	-31	-361	550	-440	-275	-398	802	-24	946	723	-128	-136	453	607	-231	34	949	372	-609	-918	-968	187	-229	555	-260	-931	996	51	-834	690	919	311	484	624	-118	-853	623	72	-754	-114	654	-261	372	-147	414	674	553	95	229	-890	-602	926	462	-939	-748	483	408	-415	549	657	620	639
-119	40	474	-36	-545	253	34	-919	887	-699	511	-316	658	-651	108	886	-695	783	-225	-616	-274	170	88	186	394	-114	-904	-596	417	-572	-547	7	-916	-64	190	-830	-663	-176	387	387	519	127	194	822	766	-784	497	-811	866	-928	-926	-373	-865	-47	-102	937	881	-16	779	-431	116	-20	-717	372	-56	328	732	346	540	793	-712	409	264	-24	630	-276	271	-565	-585	-930	661	851	-351	233	-614	807	693	-198	286	-572	-959	796	274	-286	-765	331	543	404	-736	-951
980	-363	852	378	591	327	-985	114	760	-9	-762	982	208	418	281	508	-456	962	825	475	814	823	-94	344	227	892	-487	-105	-207	672	-926	680	-754	-255	820	653	-10	-616	47	995	762	-549	-637	968	-626	399	241	379	-881	-767	-690	-63	464	-411	-944	646	424	-896	580	198	301	-102	-626	-789	538	-830	367	118	537	539	-355	-326	938	-31	751	-965	570	-221	-165	983	649	366	66	998	458	667	59	-498	682	670	-623	-703	-577	-143	-412	430	993	-689	-772	814
438	-134	611	-522	-156	-764	-697	-557	814	-760	-382	-713	737	-804	212	-319	666	-748	-432	388	974	199	419	-831	-132	341	-308	-639	701	301	-980	-833	-878	182	335	-475	454	-369	-218	-760	841	564	-398	-834	-798	-648	-475	-395	-213	-475	912	819	-812	-970	280	872	-358	144	-281	427	-653	902	536	756	464	597	68	-663	-605	-427	-868	-679	-435	155	171	922	304	-46	843	603	-35	-669	294	-825	711	449	113	671	601	685	-200	624	-585	-393	77	41	202	950	-518	403
-938	864	-764	-678	-841	63	-301	-367	776	597	761	-727	-359	749	65	668	711	-424	380	-141	281	810	-685	425	11	609	830	-666	595	471	122	-380	604	-529	-903	596	398	-921	-343	-215	-174	-712	-64	797	431	-707	158	-913	-296	-614	-928	-293	305	-705	780	622	-413	-439	-846	541	-118	-10	-252	441	324	-347	-157	-398	-838	868	-309	821	-451	-358	314	609	-753	-278	124	-189	234	-88	526	-991	649	-931	-260	309	180	678	62	658	835	885	-956	-366	-888	-964	791	663
795	-345	-832	787	-802	-686	-941	-994	262	133	-123	-474	145	846	-458	581	256	-469	-230	868	448	-194	-418	-798	-717	43	-880	-191	650	563	465	-645	-365	429	-123	-425	773	-487	276	86	258	148	0	353	-388	-773	-834	-639	-399	-520	754	-809	376	-700	-199	-510	819	-901	-16	715	1	725	6	374	-505	581	-459	-81	563	444	71	-960	507	-10	-513	-248	-899	115	362	267	-43	678	412	508	439	-203	241	416	-4	520	177	-270	-158	-311	700	-127	-837	-79	760	-301
-884	-135	-851	-262	-766	-103	979	-776	477	-319	-868	-295	-575	58	37	-650	118	-791	-611	597	591	-170	-688	52	-932	-510	-565	-198	-981	213	740	307	-642	-826	860	370	302	-312	145	-592	269	187	-409	-921	352	-12	916	579	-120	607	992	-175	716	-995	859	-322	-452	-449	87	544	-296	-198	804	142	701	880	681	-64	985	71	-408	-625	-581	276	167	-43	-632	635	-625	442	-86	569	-32	779	710	-596	-452	-322	983	847	959	965	783	178	627	395	-587	-567	-862	-811
-944	873	-820	649	218	-31	-211	332	700	493	380	592	942	651	900	315	-152	-588	-924	-961	310	236	-328	-536	605	562	-609	766	316	-20	-883	747	376	820	721	132	-489	905	128	146	785	-520	195	-846	-975	752	297	-708	-690	217	-717	-58	15	-688	-874	-220	-731	-916	-572	-210	-972	244	217	-973	-100	550	-865	-498	576	-702	323	728	-279	-551	124	369	-405	43	702	947	528	-792	730	799	-859	770	806	682	716	-724	338	-799	688	253	-335	968	-952	431	199	770
25	877	793	410	-685	36	43	109	289	460	-966	818	561	-371	740	256	-161	-748	-720	711	-718	-237	425	139	-987	-794	-103	776	150	840	-644	452	-732	866	131	-742	-77	194	65	311	69	977	772	-22	135	-155	338	557	991	928	902	-975	-105	-384	293	554	421	-762	-971	507	216	-332	-361	-749	183	147	-619	910	-211	832	569	955	176	341	-514	-726	-732	468	-537	-992	13	-264	-195	-703	716	92	-889	-166	799	-130	-721	-939	-654	-719	914	-467	213	-693	363	484
740	-558	805	-592	-678	-165	-373	578	-703	793	276	808	540	-21	683	793	413	533	250	210	-264	-205	917	-72	833	173	752	495	-74	131	-280	-711	-733	322	459	-876	322	-810	-535	929	278	-100	559	-578	-119	-354	456	-750	258	607	-987	912	349	-103	-372	681	-684	-649	228	-704	982	345	760	-464	412	44	-146	-221	10	143	-80	-260	907	-468	60	592	160	581	813	-720	-652	573	881	-56	-823	642	796	-923	222	-974	821	-390	964	-131	487	266	-947	404	723	-109
435	-847	-569	404	938	680	64	967	389	-758	225	-777	-939	155	-401	-336	-575	976	983	744	911	-910	-483	4	599	979	955	-295	524	-794	-670	-492	894	992	-131	-166	-745	-755	465	-318	-589	-506	-457	239	235	-359	-247	509	105	-399	736	363	-610	807	-712	495	453	803	-320	984	486	-15	-446	943	-912	320	356	-129	93	-125	-947	668	623	-728	-621	-207	967	-370	585	-397	832	-444	-162	-832	-522	-761	-21	-293	-578	793	-476	-41	803	-898	-142	-354	-277	939	-38	-655
-359	-201	-619	-993	-544	-507	-144	200	91	535	936	-405	196	35	-808	-179	592	-692	251	785	-166	1000	610	-614	773	-146	-280	-437	962	80	-518	-679	571	-187	-525	-695	-863	-246	-746	-616	550	287	570	953	-748	-236	-78	-214	537	-931	292	-615	435	-192	-576	-523	-994	576	863	131	600	393	318	280	376	-240	851	-380	-593	184	950	864	-73	34	-567	-662	989	-703	5	-811	29	223	-239	-677	712	-255	-180	-332	-933	32	-435	278	-257	-903	-120	-791	485	-140	-625	-857
763	-777	-270	643	-44	770	-499	-278	413	592	490	-423	-201	-5	-237	157	-554	770	-565	-442	-456	12	-863	-720	-601	-560	-668	-528	266	927	-765	-76	-718	-606	-321	-41	-482	-279	66	25	181	3	-558	-345	186	210	752	-238	-846	-526	-48	485	575	-870	503	839	-863	450	405	-192	-820	731	-828	-615	13	-867	406	990	-599	576	844	-151	-275	245	-10	-25	-7	-111	-941	-404	-431	245	836	-422	-689	-117	-981	683	-456	446	-974	924	-403	664	-433	-347	-179	570	808	-854
955	902	-815	319	-504	-169	-489	-809	494	-832	535	-279	1000	253	241	109	-175	-590	734	380	-596	573	-438	390	916	-7	-744	-295	-11	161	-462	-246	205	662	479	-955	-67	-584	-33	117	44	425	-939	-134	-141	-527	437	-884	-762	153	-7	-446	-333	278	-961	491	-577	-936	-1000	-918	369	143	-435	-834	-215	362	-797	421	-295	-701	-704	676	-451	876	752	-740	-17	-73	-362	-637	652	512	276	-926	291	376	-296	-935	638	35	741	633	-676	615	-345	766	158	26	110	-719
327	666	-550	974	868	-228	836	591	540	-315	132	51	-149	-581	-738	467	881	-257	-659	336	387	-961	-750	83	283	822	226	-481	172	-367	196	-361	482	-486	-786	-453	-619	544	739	-982	-212	226	828	796	516	739	758	-551	126	-657	-632	517	-492	774	449	-724	742	20	794	-689	-106	710	-674	448	896	603	515	-570	-104	863	-519	-635	-119	-486	-211	123	-148	-18	451	630	-381	-735	829	-168	146	-371	473	-240	-73	527	291	-591	-679	-635	-211	-683	515	-591	747	381
-746	-710	831	-855	569	-527	931	-681	-363	-222	209	-464	-788	60	-14	-971	534	279	942	438	-673	140	-615	496	485	526	-115	148	750	78	-435	409	697	-23	130	-295	946	-995	359	-838	-136	-677	625	-343	2	-18	-884	-623	-742	730	619	644	-668	-366	688	147	-545	132	586	-748	624	313	458	526	-747	616	-909	-557	-280	-467	491	-445	41	356	-878	0	604	-872	163	-151	815	790	-444	-379	-426	626	334	-425	518	-33	-434	156	-534	818	-298	802	-315	-94	730	177
958	294	-450	-671	250	684	551	457	164	388	-563	365	-421	490	876	670	-997	-250	-302	-828	-836	-611	330	149	-823	302	-125	-9	849	780	-12	699	-758	274	954	-869	-780	622	-420	69	-239	529	380	-473	490	-724	210	-184	685	875	400	-769	958	750	783	901	-508	545	753	-259	-827	-919	445	-162	419	-855	-416	-439	430	876	-292	514	701	990	-124	753	31	321	-54	357	287	-885	689	671	-462	-687	-700	-622	-740	-379	905	434	640	169	-423	-302	376	-979	755	291
956	121	119	32	-295	-267	983	-149	737	-654	963	-391	-79	890	-855	-679	-57	670	-378	77	463	-646	-648	87	813	471	-730	-973	-546	603	-750	-534	926	-248	-72	-987	-231	739	417	198	73	39	624	520	734	-62	537	-317	122	287	-192	-623	435	665	531	-936	-97	818	-494	-40	588	603	-7	-896	-286	-247	503	341	-55	168	18	103	-731	-453	995	-126	-790	-547	176	460	-414	476	-858	-43	-596	-511	659	771	-4	-447	25	375	912	-793	127	-501	-79	127	129	121
-254	313	-69	166	912	224	-778	930	-838	-389	-911	-284	-236	-468	-969	224	525	434	227	-521	-310	177	820	-506	-439	518	-960	-159	46	583	-644	916	70	752	707	-776	-506	756	-662	-653	953	-197	-757	-237	719	333	-651	-158	-76	-664	524	584	-921	-417	-447	-890	-195	-530	-617	929	785	522	-103	-896	-719	532	-710	605	-100	955	-636	-68	-192	-846	-920	-423	-712	-931	13	459	138	371	342	998	996	750	888	-809	145	97	660	51	700	-446	75	-698	717	-289	-505	-476
28	-408	-21	-894	539	-979	841	-530	-120	410	-714	939	-638	564	506	367	255	475	279	-760	-963	-124	912	629	672	-344	696	-873	-760	-569	-630	-712	325	353	590	-711	305	-12	-381	344	872	-58	415	879	-104	112	-199	-426	33	-299	-871	91	-797	-528	-167	-523	58	-32	494	-548	221	978	108	863	602	479	-1000	-681	-548	-240	715	-544	-461	-106	-82	278	-690	993	-37	-499	291	941	248	749	142	-800	790	-138	-543	988	245	534	55	411	-636	787	-618	810	726	163
-785	-201	-899	-931	423	903	-706	-686	-660	578	-255	894	-355	-759	126	176	-662	913	-158	-750	-566	165	-220	-536	-942	-614	-290	-655	651	826	-427	738	-999	-780	-809	-898	-521	610	-234	-309	-518	-783	-887	320	-230	603	918	-526	-976	-183	717	-558	-7	385	675	-887	27	-125	481	-893	253	-447	-136	-13	566	-952	596	707	69	-543	-340	-651	-613	993	-576	-739	642	-785	-306	-359	417	259	749	56	91	788	-302	105	535	754	-958	-760	760	79	-615	207	-868	430	-594	755
-879	-401	-874	757	579	-409	-303	527	305	-884	866	-523	189	-474	-50	-841	-344	523	94	-589	-995	227	117	-364	-465	-320	563	-884	-846	868	-359	464	32	-932	-299	-309	-539	-312	790	-321	-68	-680	346	-365	892	661	-921	282	-357	863	-883	613	-453	-581	907	-316	-457	53	-779	347	-653	888	-189	41	-737	983	-101	379	198	644	978	715	184	156	966	-275	-780	281	794	107	-707	909	-293	-898	848	-607	-852	-574	478	-209	-366	282	658	322	-807	329	-995	-744	-496	745
22	241	73	-359	472	638	-998	897	-497	-632	-403	391	418	-484	-31	-232	461	120	-781	-462	189	-642	46	-503	-327	988	533	-544	899	33	-777	-337	-837	27	-212	-713	862	-122	881	892	-221	-855	420	-813	-562	-405	-623	-673	921	-832	885	-329	-907	-823	-171	-817	529	873	59	642	369	973	-697	-330	376	811	908	-602	-585	350	410	-203	-843	-967	613	734	117	-443	736	94	-758	-869	-194	-460	608	802	695	-20	-412	693	287	281	-694	-311	-723	346	-209	772	769	992
-824	799	-141	835	-707	653	-261	570	985	697	-740	-777	-670	567	321	775	301	-776	-91	-930	747	-141	85	-130	488	162	756	465	-573	-105	24	568	-600	-33	-321	556	-80	-935	60	-429	215	740	892	892	-549	-851	991	659	860	-27	316	-725	250	-63	270	-172	312	-898	88	263	488	-777	-565	-457	866	827	-288	-313	-870	455	91	-949	-26	-489	-458	574	715	-327	496	113	684	-882	942	-634	-296	-527	568	-590	770	-332	-238	257	67	787	76	-215	907	-380	935	-683
-804	729	82	241	876	-458	-16	-433	-371	128	-820	650	826	64	-730	-67	789	-51	115	558	70	-491	559	365	-468	-491	-253	-469	-776	10	-84	906	-79	-100	-930	21	-302	-715	906	-766	336	-188	887	-240	88	-720	395	-980	-46	660	779	-627	110	-219	-626	-242	200	788	-387	-491	-469	735	-430	368	373	878	600	437	-963	763	547	508	-920	-173	747	450	513	-991	-975	-368	935	260	258	146	990	-101	-610	995	-181	-466	-880	792	-215	555	892	143	-613	-770	-317	855
-820	299	-3	399	582	-2	947	-173	264	-663	354	-829	365	-587	724	117	219	-800	970	-961	-713	643	496	-115	-209	611	69	-214	982	216	-894	-288	-885	-555	-282	718	771	950	-688	97	211	-938	218	296	632	335	956	721	555	-212	911	-600	-668	971	-465	136	-981	-140	919	228	-701	-576	-439	-960	-577	737	-247	272	443	840	-989	211	931	340	668	-816	243	-829	608	-618	950	-38	40	-920	283	-773	-653	527	-300	-501	270	-344	949	-53	-94	-216	198	212	-29	-161
-984	-373	-258	352	352	-606	791	-558	-191	744	-272	539	-517	393	769	-384	945	542	-588	-686	-235	531	830	115	-781	182	-392	838	-292	995	-13	935	827	-463	-424	974	976	195	-706	-642	52	-490	714	774	-531	-979	-65	-348	-190	-838	40	-561	236	972	-419	-184	-592	250	729	875	-987	-54	-862	412	-249	607	-402	-991	-859	431	-758	893	699	212	-842	-695	656	93	235	-994	-596	96	67	-584	-49	536	-801	-4	-396	-149	797	-110	-752	-635	806	-793	-200	-263	98	-762
414	867	55	316	-816	918	-103	-538	-44	871	-954	-688	427	-706	-525	49	63	-255	-413	121	529	540	567	-958	-822	948	977	-914	-752	124	51	111	28	-984	-129	994	827	-465	-776	62	-769	-983	796	805	166	446	-803	219	146	-534	-155	-763	415	-39	725	607	420	158	-707	977	549	-461	-994	828	891	-162	492	617	542	-10	-838	-631	652	720	129	400	-782	-742	614	-668	410	228	-695	449	-758	490	-118	-850	-544	399	-238	8	-30	-472	-189	-3	878	-303	695	487
521	-168	-186	688	-770	801	847	289	937	746	976	-202	-840	-299	354	-136	-692	308	232	846	-335	-739	29	27	-361	641	-970	549	-745	956	933	166	692	760	-120	349	-310	920	-732	837	414	-385	-259	-846	854	-346	-636	918	210	134	-460	525	-296	121	-613	26	-232	-643	-769	506	-283	385	938	645	-598	434	822	-688	-499	-799	543	-719	206	731	-783	505	523	526	0	554	-259	-177	666	245	-333	933	-362	832	409	746	-257	-974	-572	-119	-581	-227	962	-531	436	643
526	573	547	-36	328	585	-186	601	-431	87	-967	723	464	-894	-640	-583	-285	-824	88	-906	-118	593	-398	-24	-871	-634	105	521	-236	755	464	-806	553	-608	-579	-284	-145	620	-214	617	-177	-302	26	-112	900	-51	-439	-465	620	114	-689	-856	512	-353	-446	-322	575	-91	845	-488	-701	-121	-783	503	927	181	-325	139	946	873	750	-401	-254	723	-667	409	-765	-611	-151	147	-164	564	-971	635	259	-963	482	952	812	-706	774	366	-324	-288	404	109	-986	-922	302	-249
421	392	-523	-682	470	956	-664	775	456	667	52	-832	106	-533	677	-301	497	910	164	369	29	-183	849	60	-672	313	-656	-246	966	462	796	97	-337	-664	-318	825	955	-546	-818	-890	-181	-875	-379	494	-976	-392	-655	-817	39	-131	701	278	101	-672	-922	994	109	248	-71	359	-414	403	-191	102	-572	-276	913	198	79	827	628	-273	-701	-354	-528	-858	679	735	803	63	31	-44	332	45	-313	-721	-744	-593	-961	146	-77	-799	-136	-622	-110	990	429	746	-7	273
-50	-397	-269	-518	-184	330	-507	-887	45	-614	-627	46	895	-121	-930	742	660	722	283	796	807	770	363	-366	657	594	-309	608	234	-407	-338	365	-131	771	614	107	-108	369	664	-206	-363	-846	922	506	295	770	564	-820	253	-634	-171	-548	478	-199	360	-220	-958	-512	-267	-656	120	494	568	-513	-261	693	615	-721	653	-256	-993	-104	110	10	937	794	-706	517	-692	-416	207	741	-574	315	-936	867	-153	15	-876	-719	-805	33	-454	-295	133	-505	296	-450	-561	371
-517	-472	-597	138	-65	53	722	262	465	-521	65	-62	-293	192	498	421	-569	-179	-623	-215	-297	-864	-992	-747	-421	408	963	-441	844	-814	-218	77	394	-830	-557	812	-111	-549	208	-289	-493	111	593	105	-622	-450	273	17	532	715	366	-507	479	109	498	-435	200	671	356	968	318	-978	-463	580	355	378	-45	-924	-181	945	691	33	-135	804	914	-573	-870	-753	998	504	-306	684	-213	-849	-267	888	232	202	859	123	318	380	-651	-755	-677	765	-640	479	636	-621
682	56	574	882	233	789	-386	947	398	-882	-142	774	895	828	288	857	867	-696	983	371	-127	497	175	578	-122	-733	-6	-833	-314	629	-430	591	476	672	-30	628	-288	395	-530	1000	-965	-991	505	-932	-124	-438	27	-924	773	295	724	354	-231	-633	-217	-333	-702	962	755	-760	697	65	0	104	417	-186	28	-220	123	-953	-119	-626	646	887	932	174	-971	-604	999	814	-681	-180	-989	-152	376	206	-369	861	-779	444	-577	-128	-705	-991	-457	552	-135	-875	-553	855
430	-669	-629	-612	-798	133	-171	-856	-51	957	-161	-548	-646	223	-287	-266	-247	-108	535	607	-940	-656	153	508	-523	318	-874	660	-985	37	290	355	496	-803	-339	59	624	230	-603	-522	293	-726	321	458	-363	372	-990	809	165	427	972	918	428	327	-839	975	-761	-297	89	-619	-458	-813	-597	-928	-813	619	418	-45	-583	293	155	-63	-700	-722	-437	975	-234	658	421	233	454	-413	-596	907	264	-607	-223	447	-42	784	304	-988	-877	216	810	-978	-996	314	662	139
-495	-654	-649	-827	971	669	538	-960	450	709	969	40	-174	709	926	853	-34	138	-531	5	600	462	884	-961	749	-671	-690	155	-809	-403	419	-750	-519	-215	-330	-422	-943	-686	188	486	-653	-109	-268	-934	-971	-906	157	-471	780	514	723	-971	198	977	-135	798	527	850	-412	-204	-222	743	-396	-228	995	-604	-283	-488	-472	-157	-290	-269	-155	336	-281	198	-37	-103	749	-703	-442	-396	-737	856	264	983	-103	-379	-504	924	925	-559	-368	-100	-845	999	750	22	137	-84
210	-97	-389	359	348	-492	59	-428	772	487	623	387	-571	-142	22	606	48	-218	-543	410	-658	885	-946	416	543	195	-690	852	-323	934	413	-315	770	-273	-93	-510	249	130	-398	-885	-553	445	-717	109	419	-497	875	889	-91	-783	-275	-739	476	-785	123	-428	-150	749	-956	-799	-199	316	885	-335	935	-569	-671	18	242	-343	-39	580	455	136	799	-384	-695	282	928	471	-898	599	252	102	961	84	723	449	-632	255	598	772	963	-160	-37	-333	-81	970	-536	903
-774	837	-851	-365	670	-529	-203	994	-768	610	-615	590	-993	994	-576	-842	-961	905	119	360	625	-322	-780	-880	718	963	872	-333	-267	-594	410	-920	-403	-246	-563	784	490	333	-689	-880	114	-882	211	-216	989	303	477	-8	-207	-952	-873	640	-189	554	68	479	-784	714	776	105	44	-48	-549	-693	-22	204	326	275	714	-372	-201	-946	193	-237	493	-337	-619	-347	-295	475	-512	-43	-526	403	267	-402	976	-1000	-313	-198	193	-995	901	-575	184	-110	-727	-434	-911	718
403	-313	191	166	-273	724	158	739	744	-325	-917	155	-610	664	569	325	956	170	-190	236	82	-284	175	354	473	472	-320	606	-449	-1000	576	998	93	510	-212	-650	358	-83	478	30	-395	-963	-627	-669	820	-461	940	-964	-638	-829	-220	-291	-360	-841	-872	-461	-339	434	-466	81	-361	746	-979	753	773	-686	-111	-888	413	-403	795	633	972	-295	-930	737	-697	824	-988	-601	-806	121	-240	98	-760	857	-565	-250	517	-639	198	-299	216	-450	791	528	178	227	-875	-943
899	-945	299	-276	80	651	-468	-49	214	-578	420	759	712	45	-315	-607	929	-192	924	-234	909	-197	361	-383	476	-8	352	-280	-964	-349	794	730	370	-600	-147	246	846	917	945	-37	289	254	181	796	883	-312	-846	-853	-310	534	-86	981	713	-552	-873	675	-505	-63	837	322	-468	-407	211	288	-776	145	78	-959	-560	11	509	-678	276	-386	-715	-580	509	-952	-390	742	-269	22	-532	-602	575	818	589	-253	-287	872	-541	-902	118	-698	-656	446	-36	304	300	857
-811	-249	540	194	-358	-257	-92	582	70	-127	918	572	-180	791	907	-477	-70	204	-762	123	-945	484	569	-812	-232	508	546	-110	-755	-419	-532	381	-761	-327	206	-148	-85	806	397	-454	329	755	614	405	492	858	-445	-413	976	-548	-216	-741	-338	474	-264	-295	-758	-653	-400	702	-695	-866	-599	-314	205	-838	-193	555	430	-768	-556	762	-962	898	-832	-170	-550	-912	-362	897	-650	257	-727	-207	57	671	502	888	303	-168	615	-163	-582	-360	115	56	-708	-717	-723	-596
532	-603	-842	169	242	745	-464	-755	523	-586	-646	28	-734	-895	-884	231	317	687	-130	996	-756	-252	-324	-220	266	809	-403	-238	-298	646	-581	188	-195	-70	-61	-318	741	701	-312	324	306	293	705	-434	65	-169	-48	-124	-234	348	-136	-862	257	320	205	-716	456	-741	-275	602	-555	-58	-290	-353	733	533	186	655	-900	-335	894	541	926	488	486	-61	61	-504	329	10	97	-142	117	-487	362	204	336	-363	580	-353	421	634	-874	-838	515	-975	687	415	618	-750
227	-462	895	873	490	-380	337	-89	410	640	919	-298	805	686	-471	-274	263	-236	-252	-582	350	-397	-44	-495	-133	-575	-377	-248	85	720	-490	344	-794	664	-987	410	434	-581	294	-190	-390	-85	-207	744	-917	-872	882	-652	-745	-233	66	149	-629	362	-244	424	-67	443	-394	-499	-971	593	-560	516	534	-396	-22	-261	-410	-858	-891	669	72	-132	-681	726	-167	-778	-648	274	185	852	195	-601	-408	-264	456	-505	-329	7	377	188	-521	361	-842	-822	-238	-459	157	838
147	222	-48	-60	-41	124	943	-976	-211	-279	-194	721	-482	-238	-527	501	-546	-890	312	-582	951	397	886	792	432	-771	238	-226	-29	780	305	912	-772	62	-380	-238	637	-623	939	-628	689	-334	-380	-404	-674	309	478	362	945	608	-993	-818	-468	218	437	-268	773	-660	309	-902	-741	-417	-462	-505	-510	-204	815	-782	254	-716	390	549	743	471	654	-797	597	905	175	-143	69	-949	914	-140	302	793	216	-812	194	-547	-195	-462	-110	37	963	233	-5	-914	-149	-95
278	829	-867	-171	195	-951	-310	-928	375	776	-652	544	-490	994	-860	-511	989	0	-134	604	-579	-441	-684	-409	-926	-96	-703	562	-373	122	527	-255	-468	883	-140	-613	-96	527	-461	-551	-873	768	-396	-269	-188	-796	650	505	-896	-969	411	985	-963	809	718	261	72	-220	-514	451	-673	-214	650	-421	-502	-468	33	-956	908	-49	426	51	287	-24	41	678	364	-683	662	-998	-214	-47	867	-487	546	84	384	-461	-666	978	-761	-976	-403	-90	640	178	626	409	-68	-611
243	848	919	779	984	436	-753	325	-641	375	-447	624	-545	993	-127	-450	176	576	692	-693	-90	-570	-96	-926	412	332	-354	677	474	-236	-257	-84	169	256	639	680	939	-489	-38	498	706	-258	895	853	124	3	-750	473	-223	-942	-244	-2	-691	-614	-259	88	21	679	634	504	341	-125	-238	-356	-398	-84	895	270	-240	302	-45	-41	-709	-355	-952	-638	-220	339	782	548	703	-83	-61	-447	308	-818	-859	478	424	-28	917	540	-19	754	692	-6	821	124	861	48
399	-470	71	859	-552	673	220	0	671	27	51	480	253	-85	472	-290	-438	443	-476	-70	-521	-96	61	495	-835	315	616	518	-875	853	512	-674	-497	844	-932	921	997	642	929	255	543	154	-575	-681	144	387	425	359	303	-866	521	674	643	825	-508	-596	-207	-920	-380	-666	308	-877	-64	-236	853	265	-139	-938	-513	273	838	-570	324	176	221	591	-200	-808	941	168	-539	-79	62	223	742	717	20	457	32	374	864	536	725	152	-259	-740	223	-751	-66	-327
114	612	736	-637	676	-238	-770	765	-107	-911	4	112	495	883	-552	-704	-196	800	-982	-619	640	190	-122	-741	-115	-733	-720	900	343	293	342	841	-582	-116	198	633	-510	-210	-852	-894	891	574	-365	-773	242	-338	735	560	-767	143	-495	525	-657	-528	-456	427	11	-937	-341	356	18	-430	799	886	-1000	357	223	311	-66	580	-709	959	-825	304	356	-812	321	-432	523	-757	-138	-81	-148	-375	586	372	894	631	-220	179	-448	185	265	815	-181	940	-762	-769	875	443
169	420	-647	-287	-31	-862	492	210	812	-199	790	301	908	-526	821	-261	-134	-318	-876	-997	906	990	229	538	-963	903	-671	-220	-866	250	927	-842	-613	479	-343	286	48	327	-99	315	799	-821	-172	199	122	-483	55	-609	-463	457	-36	446	602	-426	-972	373	-899	31	-92	-16	647	805	340	128	-498	-687	779	-153	72	624	-168	155	-946	630	-209	612	68	777	-494	314	-290	825	536	215	-978	-79	681	-971	-389	44	-605	799	180	92	-878	-98	366	7	-144	-87
404	-390	391	533	-519	753	-979	136	350	-373	-533	-319	-999	44	43	-69	56	210	136	-377	-745	-37	690	-162	972	235	704	342	-824	532	418	-101	-231	892	849	293	-754	-776	196	-751	-670	-759	829	-298	-343	-141	286	-677	-673	-274	414	995	504	-756	109	-486	-257	-97	800	-365	427	925	87	870	229	41	672	134	978	852	399	-471	-258	-482	236	147	-403	335	538	-174	457	-516	796	-538	-219	777	694	435	-82	-306	620	126	273	925	-949	572	-697	-684	577	-887
-125	865	555	-639	-737	220	848	940	199	-370	799	574	-622	-317	-461	90	229	-5	797	296	-911	-888	-230	554	960	902	672	69	-699	-208	-515	-87	-772	-91	60	797	242	-248	-876	-803	462	30	648	-394	-606	-801	237	726	-713	-651	333	108	-595	-495	-230	-213	-626	-453	534	-724	-204	540	-177	802	-671	186	-51	-137	689	76	-354	341	601	458	333	-196	-243	172	891	95	-262	-499	865	209	139	247	62	-789	838	462	-328	-587	201	322	-782	-229	-750	319	-246	38
-962	251	-433	-976	-447	584	758	-861	722	862	-86	444	957	514	-822	19	-924	-987	-25	-769	-374	88	-870	-343	-757	825	-312	759	-145	-354	967	633	977	814	311	-669	255	490	678	-685	-475	893	-82	-478	308	771	577	797	847	-882	-775	-512	-316	-763	790	958	163	622	-943	-20	156	303	-635	-295	236	178	946	97	205	-910	73	-921	-17	-587	-437	827	968	-111	942	846	46	969	-874	368	-716	-462	-164	-954	-983	-607	-387	-271	-744	-315	-203	644	631	-307	-86	278
-206	784	465	-38	-531	142	-458	-347	743	-281	-107	676	203	520	390	446	765	932	549	-545	-95	705	776	744	-497	103	0	-683	-581	304	-928	-167	56	-729	900	34	-350	-443	456	546	163	684	500	645	-511	284	-905	658	-222	-916	666	725	622	982	-235	27	-58	83	835	258	-891	-463	-507	-605	380	197	-898	-375	-881	218	-788	848	-19	216	638	-470	693	-82	504	635	-623	-862	-456	-845	-343	639	388	-851	-8	226	877	-86	150	271	294	-891	-213	889	818	-459
-467	-776	-939	-438	-512	-313	169	385	-917	-811	-513	-912	-13	-330	289	401	-962	-21	-985	-336	606	792	664	-473	638	714	975	-588	-571	825	-781	335	-391	778	331	971	-646	447	-779	152	-117	812	658	616	906	793	-669	197	703	225	628	-161	-232	-947	-687	582	508	-652	304	-678	806	-734	-286	-966	-725	168	306	523	-156	-395	-816	-634	670	-296	-728	878	646	561	-579	67	-68	920	343	667	221	105	306	-422	479	476	801	210	-28	-33	898	-489	-120	-2	951	644
686	-716	937	108	773	-835	-320	511	-413	662	667	702	936	728	-772	669	-637	-901	123	880	401	360	-810	56	482	294	-125	735	240	259	122	783	166	501	208	323	370	-497	857	-381	220	-799	697	-64	0	659	438	359	348	24	-947	-594	468	426	385	-972	390	633	340	-181	334	-471	765	400	684	-713	756	-765	6	-379	-431	907	18	-29	-776	649	-659	694	-542	-454	989	-96	669	307	-423	-45	58	-72	-628	499	965	-846	816	-81	186	-922	-89	543	716	-993
881	644	342	288	269	-495	-482	-955	100	-502	4	144	-225	835	-372	-713	795	-875	-570	583	260	-177	-627	-207	967	754	146	610	-352	336	438	-796	94	706	390	243	-177	-95	26	394	-811	-303	352	-765	-498	161	-504	-341	257	-462	-993	-750	970	698	603	-177	942	147	113	-533	-315	954	-543	-2	992	93	-656	305	-722	-42	-479	783	514	-705	799	224	-294	-295	850	-855	-69	41	-791	-484	-928	-930	-393	822	498	394	-270	-710	-840	-21	-172	-928	-530	18	-85	-283
-671	-636	710	-625	-261	-810	-244	-526	191	301	590	1000	-85	-936	880	988	156	790	590	166	-809	-26	-797	542	508	-501	588	650	-499	-695	474	-337	848	641	150	-397	-161	218	-152	-758	892	621	-670	-154	-23	-487	484	41	-774	298	932	-53	759	840	66	-158	-873	-952	-342	-806	670	520	636	-669	228	839	684	632	419	-524	-658	382	559	-634	-127	-777	40	23	585	520	209	-859	942	311	170	-453	255	274	2	-130	-540	-481	-278	-325	45	109	957	181	542	-324
-402	975	667	198	-824	513	149	921	518	450	-386	-863	535	65	-318	-258	-877	-487	-151	362	991	-696	-565	228	39	365	-768	1000	-492	732	-854	533	-998	191	-212	893	-877	401	276	-271	182	-234	-583	741	-755	-406	-547	-99	-894	502	546	-978	-39	45	989	-803	313	-82	446	452	-353	-892	744	-354	142	934	-445	-708	484	-558	639	485	-521	-77	-26	852	81	-83	467	778	40	764	-489	-650	945	629	53	-753	132	-900	324	-270	-2	544	-263	164	-775	-899	-39	-743
883	257	-438	592	-634	-976	-482	-442	-765	838	-935	194	948	948	-444	-900	-164	51	902	-780	-271	807	405	-434	10	-529	723	213	220	574	149	705	161	-916	-523	133	-135	-981	80	-445	-225	761	-409	-571	-467	612	-742	-384	121	174	842	617	-417	-961	932	-752	834	-327	378	-144	-962	725	-315	681	999	899	230	871	-853	493	-945	102	-806	706	253	661	-83	-542	-999	107	821	42	262	-162	-58	410	-781	-319	871	-268	-750	-924	908	-551	182	-213	-8	237	917	-153
146	-982	-317	108	-356	652	908	-150	-601	664	761	-290	-841	19	-819	504	-360	-373	-904	-356	-224	-454	0	-451	231	960	776	318	-150	88	961	-473	-531	-787	220	440	689	-438	-185	916	486	697	-242	-68	889	-127	983	-950	-296	363	250	412	-749	-960	-898	-199	-563	-397	-823	712	532	-452	-168	444	295	-597	605	-280	839	718	213	165	636	-735	-662	-963	178	-633	-873	-869	772	423	-597	-118	-704	-831	-705	-222	673	-146	-56	236	-533	-292	942	-255	287	191	-729	-439
298	-945	-136	739	-145	-129	9	37	-371	-924	0	-953	-305	-242	95	909	620	-847	74	945	249	840	628	-858	603	-832	-295	262	701	-759	679	692	-610	-343	-340	-808	-551	-392	718	981	743	478	-964	-281	-455	-661	726	-468	422	788	139	584	-226	865	787	445	501	-222	-421	-785	-109	800	-348	690	313	-586	-513	934	35	480	766	-456	-506	632	473	739	435	295	-917	184	272	-642	-877	-724	-423	865	465	159	193	-304	393	541	861	-810	693	-116	183	-308	421	395
916	-935	256	423	-774	31	738	487	998	152	-81	744	-860	-150	971	379	-193	-754	-635	-2	-225	-153	-686	259	-773	696	-656	617	171	358	663	812	-135	-115	-30	-478	-175	-132	-723	-60	114	-151	-352	-349	86	212	781	-259	297	-730	168	560	-228	109	977	-240	-943	-152	-265	-854	-115	-561	-171	-639	-11	369	241	-162	811	-915	716	-494	-653	-542	-365	-504	-378	42	454	311	-703	506	-557	-460	71	652	-285	578	369	64	-621	-33	-238	-71	-424	-381	-108	-307	963	806
240	-292	631	522	-544	759	-281	-517	668	-842	-759	571	410	-288	-146	659	207	-296	-224	765	434	111	-939	-921	195	640	943	-622	-309	-850	-867	-326	770	319	632	134	242	68	-77	929	347	155	457	430	594	-842	-240	-490	800	-738	704	-920	-594	-412	783	390	-54	-912	-153	12	-771	-971	-117	214	-986	864	699	932	879	-344	-130	194	-335	171	-799	-47	857	-623	-147	-190	-849	-25	-846	116	17	-355	-327	-820	-874	-200	-707	-572	-143	-747	-535	-649	51	-239	155	222
-170	169	-730	492	-454	-678	595	156	-387	-242	361	425	-795	-527	513	651	-566	493	-535	397	43	330	-798	-84	99	905	-860	-131	523	321	847	-38	134	818	751	-820	822	259	-566	644	407	530	-52	920	220	47	-897	-810	-945	227	344	440	-732	493	724	967	-698	-766	118	-84	438	-382	-873	-295	-596	-76	-586	529	-657	352	286	237	-350	232	375	676	734	-902	779	770	690	-932	318	22	190	571	-390	875	-656	292	66	-99	-362	-741	-831	-209	571	-267	931	-972
174	-217	-334	-391	-636	-469	-211	-560	569	-878	620	-206	-880	-109	379	4	-551	443	-663	277	896	211	-877	-425	380	-551	-876	-203	-619	-914	-980	-622	64	-461	-743	249	831	497	-777	-955	-509	28	40	-517	-942	-765	-467	664	676	-281	-125	788	-239	-676	-913	-745	49	-241	-757	366	-230	316	280	203	431	-224	963	209	796	473	-963	-521	296	22	-619	-854	-912	-5	-631	365	-432	-182	-56	-488	814	371	609	408	-680	42	141	749	134	-806	-350	294	867	-676	437	-195
-821	357	816	-414	-93	-654	-553	-795	515	-578	-51	-254	95	555	119	-485	-42	571	-385	621	467	-294	503	-740	-892	-774	269	-377	507	-226	-80	790	-360	457	-107	540	-614	231	-493	506	914	757	901	-497	-9	263	502	984	-261	559	-837	-689	-314	-14	954	459	-330	-292	-431	684	693	358	-849	518	624	506	-986	-145	-17	373	890	-901	496	-433	-574	-821	-484	730	447	-453	303	342	80	-624	-139	598	-884	194	997	79	165	56	-100	934	742	853	371	493	-117	458
286	-47	-691	-371	-962	-908	-581	-368	-629	-296	-851	-29	686	371	-300	-373	749	872	977	-762	-14	-447	613	333	-264	871	-857	-29	-832	71	861	539	-79	-729	-85	-668	-815	-370	-913	700	-350	-370	911	-994	979	966	-421	948	-37	125	288	-607	17	-734	517	287	595	368	-390	-345	-946	142	-885	-946	-194	-254	990	700	23	3	-836	-708	523	790	-7	14	481	422	-104	-578	-29	820	752	401	391	-43	807	-613	-716	-995	702	855	-574	-534	-340	-530	808	-391	-764	-450
-198	47	276	135	857	206	390	240	-588	258	714	-684	921	-908	-538	-613	753	-254	-439	960	132	-524	686	-389	792	-7	-957	-813	-7	-691	-656	-449	787	823	-965	-401	189	-742	-360	993	305	-446	325	490	-282	-227	97	-77	906	-599	799	259	-814	-327	-325	170	851	-836	568	234	482	-182	-541	893	-761	565	-242	-283	-901	-747	-239	-108	46	867	-663	-16	78	-179	-776	515	735	831	-828	80	-174	465	310	144	841	-527	412	179	-504	846	785	-269	-425	-653	-235	265
-124	-415	-98	-427	-999	-668	120	-334	-553	598	961	-610	395	-38	-717	595	119	459	-421	861	505	594	-46	280	44	-525	-321	229	-413	-80	693	-775	394	-751	-956	526	-972	-72	-136	-752	442	-709	-309	-653	27	-133	-440	-19	689	-808	504	-564	464	856	-743	-711	-125	-300	765	52	-361	-87	556	-19	-724	-814	356	-906	-705	-839	-925	903	-928	-719	-184	619	-609	430	532	-891	650	-652	15	749	593	-412	63	-441	804	-107	281	-170	371	-99	138	549	933	-65	364	113
-528	-314	-480	-351	-62	665	-87	22	-847	-229	393	266	233	923	-904	-223	-941	-963	-678	579	231	-1000	-661	-618	653	747	788	537	-463	208	184	-364	-465	664	348	856	33	428	703	-118	213	589	-676	60	762	968	-919	988	-850	25	354	-75	-442	157	507	-340	-632	-527	-380	645	606	-454	-325	658	-819	407	-327	-393	355	-376	-742	125	-68	312	392	-983	149	103	-69	-145	-385	121	912	-492	-66	-328	-68	-151	557	689	965	-39	-272	502	-367	865	242	-528	137	-129
-242	-451	470	162	-734	756	-194	-333	-269	707	-630	-32	41	-338	641	69	-181	197	608	790	-748	306	-734	93	-905	-762	-82	505	-611	92	-235	-820	573	-967	998	840	800	193	-156	-422	-907	-161	463	-583	994	-182	1000	-484	923	483	-741	812	852	-519	-800	707	-811	-883	304	39	-311	-941	-720	-107	-20	-742	107	788	-412	-50	40	994	196	754	917	-323	701	144	510	-843	-978	-641	385	-221	526	-975	816	-690	796	-115	-856	-376	-17	-974	326	-60	999	804	198	674
-362	455	-108	-590	-126	475	-687	-104	-9	-340	626	762	994	276	978	58	-787	391	691	-799	-127	-292	641	-412	149	113	396	-952	-450	671	199	50	871	-209	685	214	454	-265	-410	-571	584	-617	-137	789	167	89	-578	238	-370	186	-643	498	275	-484	-53	-103	771	-775	-412	362	-177	-435	848	-707	-14	-654	742	-410	-966	-981	434	-167	-623	-94	-240	-121	261	-899	554	587	286	-908	-62	572	-233	-613	-45	360	758	-168	-895	-60	374	-260	818	629	-448	-306	-523	94
311	-357	-17	-442	-796	-175	-12	-630	269	-359	-860	-952	701	715	-534	85	-107	-668	-730	553	-773	-201	-39	786	801	-227	447	716	-862	-351	664	-173	942	947	-720	920	599	-452	-256	339	-306	-221	426	-333	446	50	366	-196	-279	987	837	-139	964	400	620	-885	70	381	-20	-846	865	-758	849	-391	451	238	-141	134	172	-514	-719	685	526	-211	311	780	580	501	-17	-831	804	633	582	683	-96	-603	390	506	-166	-477	-167	-9	32	-556	285	45	-610	-772	991	-772
-221	345	-105	655	-436	-25	524	859	-885	395	159	872	556	497	187	-902	-208	991	-988	311	137	131	669	-948	-295	426	833	-733	-284	-656	461	631	359	-391	391	394	-516	-436	629	-996	-714	531	-765	-18	-112	-514	-241	-545	879	728	315	554	593	-830	849	-606	606	814	-633	329	-760	-643	-619	30	-313	-177	891	168	-636	492	-578	420	534	-578	-839	232	148	-409	755	731	-593	493	-850	539	275	675	-442	-227	-139	-321	246	-778	78	-427	850	449	-870	-364	-209	-925
627	-524	176	324	-232	518	41	-246	469	352	496	-755	-108	-200	-592	631	-462	-238	-701	-98	578	15	-580	-351	532	-254	-410	-356	622	70	46	629	309	-977	-36	520	483	63	-818	229	-324	703	-37	334	-252	-647	170	-173	-234	931	-856	248	141	72	922	690	-800	718	558	366	460	-264	-634	-772	-24	175	-797	911	-608	86	843	-60	-951	-281	557	609	-841	-341	-758	745	863	835	315	83	506	-194	241	783	642	-740	-866	-682	-864	-309	-914	462	684	-137	-793	-896
962	129	728	19	-749	-545	-340	-59	-777	-239	-846	-27	-36	-836	-195	683	618	-592	-303	69	-549	-624	669	-252	-197	-645	-494	-514	721	-424	632	-567	-599	12	-46	-824	-548	791	84	-700	455	-956	-817	-478	-936	746	641	108	92	-74	433	-542	835	-144	-699	262	100	234	-102	-345	-999	-761	-382	188	636	860	-469	-421	565	-159	-537	-542	453	123	-38	168	-179	-390	-955	-310	-856	146	-773	129	-1	656	-914	663	964	655	878	-29	-782	-249	-323	-341	9	210	-685	69
495	-5	-462	929	583	675	323	-857	517	-92	871	438	-952	-409	917	371	-520	136	841	649	922	-323	811	581	-233	923	509	-142	-800	-379	-27	62	-390	-943	593	-222	61	-282	-626	-413	-749	95	-462	725	-466	95	659	-705	-576	-706	65	49	-213	-999	-17	955	-326	-755	-383	-966	-334	-19	-805	-388	649	-517	420	-895	971	-416	585	-578	623	680	662	-366	334	882	-19	232	-448	308	-450	-991	-273	-279	-816	103	-694	-600	510	448	-893	524	-548	116	-247	-242	-895	-362
549	-883	361	122	-137	-724	907	-631	-170	886	501	109	-719	868	638	-246	420	-735	766	-783	232	-850	-937	885	-484	-933	-730	-736	885	-736	-499	-421	266	633	848	514	402	-808	928	977	-965	-46	-41	-837	314	997	-179	262	-371	-524	-618	331	188	-58	-965	-912	561	-160	-925	535	-215	547	232	887	-6	644	924	-803	364	-639	570	-384	95	261	-340	-105	-24	442	165	763	-887	-291	-442	-895	751	353	678	-942	-523	887	-784	-845	544	-735	882	-788	-936	702	-219	-342
336	-796	932	-525	-773	-341	771	-315	631	279	323	-868	996	-711	960	-963	933	-144	-577	611	-799	450	-982	210	-685	800	-992	-73	-925	-329	214	998	-223	707	-430	398	-621	-732	873	125	942	-647	-250	567	968	173	-836	493	829	-252	849	-287	782	165	-454	-547	826	978	-793	-707	51	-849	-804	-347	116	96	277	906	43	-485	-308	261	62	354	-972	400	-973	-127	-1000	165	-605	-759	275	636	196	913	50	686	458	470	494	-528	997	4	-837	552	-149	438	230	538
929	-549	-20	536	246	391	70	-946	978	-775	93	734	933	833	909	-284	-30	138	-55	-106	758	394	-758	610	332	915	394	-294	-31	-617	-502	334	-426	645	794	67	121	-264	801	-331	-896	544	-281	434	423	27	646	-284	-983	-342	455	-277	-754	-799	-891	722	825	768	-936	88	-142	-87	326	-912	96	-258	90	-829	602	830	644	-157	-717	-702	-548	-901	-693	-547	-144	714	748	952	958	-786	-134	-608	59	-42	-751	713	79	-234	-939	-898	-517	865	-266	-231	-101	-607
-23	-285	408	339	160	927	584	555	903	865	781	-835	971	-199	-199	608	-353	-453	567	-336	74	580	-23	-102	607	-90	-562	-163	-202	-197	-177	-83	566	-91	446	-782	-536	-104	-624	-795	426	-68	288	-212	-103	-816	330	-908	-257	194	-278	-977	948	-553	-741	902	473	-957	42	832	206	625	-313	-556	460	-416	-281	-501	164	218	-188	-560	-165	961	145	-126	689	791	343	304	0	309	211	213	-283	-206	-446	-222	513	131	407	-513	-534	-377	-593	-914	977	-300	828	-927
261	-878	405	369	540	67	-983	-192	-627	395	-325	-523	805	502	201	627	-155	31	-659	-622	-510	-190	299	-956	568	21	-882	-799	-496	-693	954	212	718	-434	54	570	44	-387	12	648	751	171	97	-360	-980	895	555	-120	-717	203	0	-194	162	-715	405	168	-592	-311	607	-733	693	346	-944	230	738	975	-869	-439	767	-462	913	-208	-654	631	-929	595	547	-362	24	-644	-729	704	-696	-290	-23	-583	-916	-352	-137	-516	-354	-682	265	-169	-301	-703	-23	682	-419	-160
711	745	930	-159	-728	176	-971	754	763	495	982	632	-566	520	-20	868	875	-903	-22	-143	-125	-487	338	-704	-615	-541	367	822	-347	454	-950	437	-525	-878	-691	-718	576	-409	-240	614	-106	261	-178	-717	185	-299	-427	-14	681	962	-569	240	347	-923	461	766	-669	-985	425	-376	-953	436	-459	-715	-537	-393	-287	-403	369	-238	-48	-625	609	-296	604	471	851	-514	-98	-879	-111	-423	790	176	-637	-155	-965	636	-456	205	-555	777	-800	-519	677	-547	-793	777	249	814
-654	542	542	-314	256	-900	972	708	-922	-413	-753	-556	-999	202	-827	-745	-44	481	-353	765	-843	-845	393	-488	865	668	618	439	851	-597	-675	369	-473	-110	212	-188	458	-718	-811	-541	177	129	47	494	850	-582	101	-394	-119	-790	567	-664	-877	6	-839	-674	-15	-487	-9	215	-11	857	188	31	-918	150	237	-991	-136	-333	-233	-609	695	64	487	-615	-233	-931	533	-583	-880	357	999	-429	-37	-320	-551	-518	-664	349	640	-876	360	-517	-800	380	-299	-607	40	-68
760	99	-646	-828	345	898	938	-891	655	-837	68	341	-796	-327	-932	-27	-949	899	377	52	42	512	-81	-288	-805	-655	236	-281	211	-908	838	385	767	-303	-128	425	234	89	264	-387	-316	-81	498	903	777	-301	534	-766	800	-164	41	-92	-698	-768	996	-636	500	179	-96	-16	528	490	-61	-306	-177	384	-155	427	794	-910	-11	-653	146	571	628	546	418	-884	-786	-781	587	-347	804	-413	-789	867	-736	404	-620	-953	961	-725	418	700	-634	731	148	622	-63	375
-273	392	-534	-437	-814	-276	545	-797	924	-504	-446	-919	-911	-956	381	409	653	-201	928	-378	-993	17	-345	-251	-77	947	571	552	-711	509	946	772	-718	-790	-146	-829	-684	130	69	-582	95	-299	-231	-951	169	-136	-20	-616	778	-448	-951	-43	285	598	-971	699	-382	-849	-738	407	-194	812	999	983	-139	-301	456	-786	-786	92	218	707	-731	8	18	946	722	-995	-109	-258	-294	-849	-455	-531	181	-831	774	251	519	498	-396	280	-29	-780	-167	-497	252	23	-9	185
-597	985	983	-461	67	672	-716	-437	724	153	353	-773	514	-707	348	-319	-166	-495	635	986	162	-527	751	-822	-937	279	-474	385	-441	523	-471	228	272	163	-990	37	-673	257	134	294	453	-240	-292	-755	259	-459	316	999	-660	572	896	-4	-1	888	437	77	-959	-771	-377	86	-392	564	701	550	-68	598	-177	-39	-384	-654	-555	940	-863	-872	727	-842	172	-289	481	970	530	-163	-60	602	-979	-206	607	298	771	-622	956	-353	-761	751	538	-736	835	-867	750	240
661	-660	-825	-368	669	-680	367	245	335	-780	-738	712	-495	34	313	-48	-304	606	-895	664	-299	-445	-347	-471	497	417	504	81	-966	-743	904	-489	963	961	861	-589	-936	-415	-458	-77	136	-56	-389	806	785	-101	504	867	-881	-943	760	-638	-414	693	233	387	-8	512	-658	-505	947	727	-786	-468	241	967	-74	-824	-895	93	-60	-569	678	-432	146	-219	-239	-805	-628	593	-85	-985	-470	614	172	-884	329	-381	181	-801	-917	-203	-357	-764	158	145	-115	-150	998	369
-717	-221	123	-901	71	-189	636	-239	197	733	968	851	568	-596	-498	339	-918	-917	146	790	568	763	-410	756	772	582	52	678	748	341	-549	425	-307	-872	-941	249	-138	255	437	849	674	862	302	66	701	886	424	-396	984	576	-765	617	55	787	-219	-376	-828	-511	193	646	-304	251	149	-183	-300	-552	-612	371	129	206	-673	-621	736	897	-227	964	-732	568	-448	582	262	-411	-620	-922	327	-776	671	-575	-891	-926	283	-561	-514	-581	1000	231	277	731	-424	-604
-561	-610	-852	684	73	636	382	-690	-838	315	-198	478	588	-277	917	893	-209	-376	-709	863	-673	-199	-952	-338	858	37	250	-204	496	304	-308	-439	-897	-932	-321	16	1000	-223	-309	-94	-613	-745	19	-438	-154	282	449	885	700	-671	-926	245	-209	-272	-684	0	-852	-630	934	893	-236	897	-187	-615	156	75	953	-778	328	-39	-4	5	574	472	-424	-891	-54	96	233	-958	321	499	17	-301	559	-195	471	-464	-821	-802	-612	212	-255	985	778	-83	179	-904	855	579
-754	-190	567	-223	573	235	-170	-734	507	568	433	500	-724	920	-493	-906	294	-910	-995	513	-889	161	830	838	378	988	60	-275	196	-380	802	-31	-862	-250	468	-897	-81	461	-984	-871	-180	969	130	935	-507	-297	-755	538	-707	195	-753	-542	461	190	-819	292	-926	-963	907	851	271	-500	-772	835	416	-718	223	145	766	558	327	961	-969	-238	623	-153	952	495	997	806	915	-555	-162	-916	-453	887	-11	-951	-425	-524	-916	528	348	-167	-66	-325	249	780	-120	280
-355	-215	819	459	229	-923	-887	-802	-778	567	200	-137	649	-502	-450	-99	609	539	-910	-693	-81	214	558	111	354	-583	-512	-954	749	-24	446	-535	393	-794	-828	37	248	14	756	789	-436	-154	-398	-7	902	972	154	-239	926	-509	-555	-949	822	-49	90	368	763	69	-176	297	-498	407	-717	501	931	432	828	988	-147	-674	193	980	592	-814	-642	-128	102	705	-633	417	-16	-186	720	720	495	-858	629	-670	-71	186	214	-819	307	826	82	9	463	30	940	-641
-307	-720	-721	-762	-803	-126	807	-530	677	-772	-776	-902	-794	-116	491	927	-415	-308	792	828	-476	592	-740	575	-161	707	-970	-193	775	942	-974	846	-884	-15	453	-379	-132	128	911	856	-863	873	-85	216	-10	868	-974	-396	-8	851	-537	-959	-350	799	-342	-625	405	-647	-974	-989	-941	-596	602	-561	-559	-845	-467	-397	-818	893	955	746	-188	-898	-360	602	-697	742	-779	-401	-954	-836	273	-90	162	-7	522	329	-974	-27	-468	951	-172	329	-713	250	99	-34	663	-842
-431	-965	-5	-250	-500	964	629	233	522	322	-517	-877	-280	427	452	-530	552	701	812	-482	-557	-722	-320	64	-457	234	672	-646	-301	-34	-241	120	-698	561	-484	-215	-346	521	685	-43	-356	-876	523	-850	843	104	-324	-858	-456	370	-49	-431	690	-504	-144	727	-439	-982	242	365	12	-161	34	851	-458	692	-315	-870	4	-284	169	-48	-974	351	-846	753	69	-921	86	-985	-496	-683	707	-207	546	-58	-6	-854	500	174	-210	-838	-923	-568	577	-304	907	-347	960	-523
-509	958	955	-273	-880	-703	324	-939	541	851	-719	-423	791	-960	144	572	-166	-437	-519	657	323	-286	-725	-285	-627	755	-909	-835	301	-872	373	-94	332	-224	-902	551	801	-794	702	592	488	-958	613	731	630	505	-442	238	-432	-6	-505	933	-179	640	8	-277	-876	-611	702	286	253	-621	-75	-288	377	-749	-793	-71	264	-451	285	-103	-73	-587	-76	-67	823	169	565	56	995	-90	-279	-46	342	98	-448	-70	-254	-103	82	-637	284	-488	184	877	-119	-877	-799	-837
399	186	-69	-835	-967	-572	530	-790	913	428	-526	-646	-738	111	707	787	-972	786	-991	734	-148	-830	-215	-727	139	-861	-873	699	-135	585	-130	-383	-951	-764	-968	-905	-760	62	-24	857	-793	-481	-186	85	368	166	-133	36	-626	-156	94	-992	-648	-733	311	-730	392	-919	-36	-488	-260	-364	-303	-99	988	830	-583	438	205	248	861	-417	-862	-438	993	-891	-578	-76	400	378	-317	18	-183	941	556	172	-949	-853	422	-689	338	126	-201	179	-320	-174	-67	-960	477	-78
-643	118	458	-318	-319	866	471	-322	725	328	-397	693	308	-759	-394	338	-740	-581	427	-745	917	780	770	-426	519	707	-361	467	548	537	-724	262	71	239	-636	-831	-296	223	398	-395	629	880	132	916	-834	239	775	-938	-640	889	-393	-249	-181	91	-790	844	829	-997	436	-864	-323	-538	-648	230	-141	333	-842	-738	446	-835	-108	-898	37	443	843	-888	56	724	198	330	-69	497	-272	864	-374	239	-703	-347	320	-180	451	781	282	212	-409	679	691	500	-363	364
-115	331	-521	501	-222	-344	450	587	-156	-947	-772	534	-3	251	-4	852	-792	-85	-856	-421	-157	-742	-659	-559	485	640	343	850	642	509	327	-415	-939	398	951	106	-830	475	-712	-19	-651	-964	-417	374	-809	784	677	-647	75	-855	-311	-538	992	-403	679	139	-208	452	459	155	-719	-180	-193	779	-205	-708	-598	-683	-811	572	85	409	571	-839	-52	87	894	-818	103	26	610	813	384	-382	-969	202	492	-372	72	456	-118	563	-228	-739	-312	404	769	499	-28	-876
669	-979	-171	690	207	844	-864	536	779	653	-197	-332	-234	-19	582	-95	272	-787	381	-811	-123	486	-398	318	-538	-443	-469	-881	873	213	398	-545	629	765	156	-805	-140	396	759	-11	-534	-546	639	-417	-987	819	-333	-274	275	-636	-642	-841	-163	-713	586	676	552	266	712	782	132	48	-360	906	404	-349	-462	-552	76	327	975	-4	785	-840	-580	407	-400	490	-890	-13	371	-719	-680	-7	557	116	363	853	-837	607	425	724	-163	593	179	472	-403	129	252	-569
497	44	764	-765	750	-896	825	-789	739	-875	-498	-166	-178	697	-15	-735	-886	-277	209	-156	-91	25	-59	189	707	-851	-833	208	-327	59	217	-136	-176	556	-6	716	-654	178	190	-202	-438	-880	-290	456	428	-253	-935	-883	570	144	-471	909	-763	-736	466	-522	-876	-612	356	-252	402	304	-209	617	861	877	-878	-626	56	-104	-50	-374	273	146	927	-988	-913	273	-974	-989	823	185	-907	48	-562	27	899	-925	677	782	-334	450	-941	525	-392	-692	5	721	-993	-210
-806	179	-541	-753	193	-68	286	703	673	-352	-458	-699	-437	299	328	-192	526	-39	598	65	387	-105	-912	-285	-404	898	794	313	421	551	388	-594	-368	-294	-639	79	-874	417	-396	-977	-524	-229	-679	274	-677	628	66	600	650	-556	-806	-523	201	720	555	-712	646	348	712	-538	742	624	880	543	-71	-110	824	-460	87	986	-601	578	182	-578	333	581	-116	596	-921	930	-678	-180	-633	504	-254	640	658	-37	907	337	-171	-552	16	415	26	794	-572	-978	-361	807
-997	-37	999	-652	108	45	544	924	101	-198	460	-36	980	-441	520	-992	-453	887	148	-918	18	-199	-165	296	79	46	-681	-878	330	845	56	-681	690	-107	-315	474	371	-414	-474	-994	170	-943	-484	-726	736	110	-736	807	-456	74	-459	-684	470	-931	-996	-735	-418	-946	631	951	-950	-25	-857	168	-82	741	-473	287	967	593	-963	-101	-439	-137	-51	-580	-77	-463	-141	347	354	491	-673	-742	636	-400	-874	-311	-958	604	-751	963	136	708	448	481	-217	-252	-306	796
-494	-161	-873	-481	-15	532	-813	722	416	-119	92	-593	-796	177	729	492	-395	406	-302	897	-981	-482	799	-485	257	41	-991	445	551	87	246	-545	866	-344	991	-320	309	-597	-577	-595	-463	-172	869	793	-808	-380	-600	-523	880	-94	300	-737	-974	306	-424	571	603	-871	-405	225	401	-840	665	114	568	-420	-452	-921	886	451	531	443	433	790	-906	-139	916	-151	575	-5	844	778	592	79	-425	-804	643	-788	418	-907	-368	283	-123	-315	520	55	68	178	-208	-233
877	640	-176	-796	-975	-828	-928	14	-538	779	816	389	749	804	-101	-632	999	243	-561	732	-966	-945	-536	-212	48	363	391	-188	111	896	-646	-156	-222	405	-977	363	76	-969	-713	770	353	-29	-897	307	39	-493	-931	305	486	-619	992	-663	583	474	-892	-59	-754	310	-716	-461	-954	594	-111	-991	-785	951	-649	655	-907	288	922	-992	572	-519	-1	593	-718	-323	-326	893	-133	-804	-214	54	69	929	-49	209	962	-523	-107	337	-510	411	-991	-852	84	167	-339	-226
586	776	303	-280	125	-138	-861	263	-470	921	166	-232	799	812	349	140	174	-85	998	402	-216	562	-737	-292	291	912	397	-212	-616	-560	721	-155	549	723	-722	-415	-918	217	551	592	-558	58	-609	-35	-420	418	-267	54	277	-729	492	436	189	695	682	96	595	-667	-696	230	-597	913	-759	921	-561	-219	566	315	-514	-623	855	-934	-193	936	-429	936	-542	146	-493	161	63	-357	148	512	360	711	891	460	935	128	709	-470	836	366	-47	-786	718	935	-729	-706
782	467	-654	-32	-252	-178	-227	618	-512	270	-549	-937	-44	-954	-118	583	393	587	-171	868	721	-874	-899	11	907	-733	-680	673	-9	-829	384	673	616	-35	-757	-277	-214	583	220	565	-205	-386	496	937	-449	542	-839	-508	-393	-883	93	38	-862	469	156	963	-935	-246	873	753	835	-99	-385	147	-437	122	580	46	359	-199	-964	-856	-603	176	605	665	-111	-513	991	-893	-65	-639	-660	-463	-731	440	358	-890	-355	-723	-27	-740	-567	189	168	858	-313	-129	-999	671
805	134	822	-34	-80	981	306	417	-893	-829	-268	-147	549	-750	713	932	330	-49	-418	993	247	32	726	-110	211	243	-32	424	724	853	660	79	-507	576	-400	65	44	-210	-788	-363	-294	-185	-908	-962	-779	-70	402	-286	-702	-967	-295	650	-370	441	12	-726	-772	120	659	-160	-141	18	615	153	339	-647	-121	-699	409	-934	674	481	-890	-86	838	998	307	-395	-366	-871	-435	-988	312	-89	29	-637	-112	-306	-437	18	-135	683	646	346	-282	-414	-528	786	-115	-299
583	-166	-531	-312	870	-464	-207	-884	345	446	-54	-509	-262	-871	-709	-971	-751	550	83	384	-548	256	294	202	747	-777	-216	-529	-409	653	-684	737	431	219	-692	447	369	-652	-557	-490	-559	-390	688	930	-346	81	836	182	-558	958	-127	544	-848	867	280	970	-794	365	675	-67	129	339	971	-928	655	326	-606	138	-874	-631	-358	561	-898	857	724	24	283	-72	774	-848	-707	-142	670	950	-622	-147	503	-145	753	-948	-155	870	716	747	229	742	475	-706	433	-588
874	693	147	-44	114	863	-407	-316	-581	311	130	979	-597	731	574	-373	-380	-184	-140	-229	302	-269	-250	-709	-954	-971	-868	-936	374	-261	413	853	-871	-879	-63	-176	125	-144	-215	-610	-8	-272	72	-722	-972	-935	-257	-71	770	-474	-714	-803	892	-949	-860	-767	431	-347	-637	-770	-372	-444	359	659	588	-137	-800	927	-699	869	-67	-975	320	-886	237	-107	-185	341	-733	-856	518	-128	162	-622	-915	-471	324	-668	-620	228	96	502	12	-401	915	-196	-547	501	-439	-399
-391	407	298	327	986	57	599	-742	688	-840	489	-685	245	-36	-631	-405	-464	411	-695	-455	-889	137	510	-38	-560	686	-83	-312	539	-453	-917	-741	-81	125	-792	-922	-955	-982	-307	-83	142	524	-342	-827	121	647	463	715	315	225	381	-193	-907	381	-407	-150	-540	283	-463	625	-779	758	925	369	-492	-716	487	567	-670	-788	-823	569	-129	-921	-34	516	-620	-354	649	-738	-795	-169	-488	805	251	-570	-313	-264	-23	-327	287	-953	-432	-884	250	495	-563	636	463	184
326	519	-223	164	-972	-469	711	19	-32	899	-556	-41	560	91	745	677	551	-725	961	-941	965	-935	-628	146	-671	112	-675	-247	153	809	-726	-253	-936	-563	-494	928	-164	-447	-887	-79	-209	95	-710	798	-294	64	-996	250	517	-743	111	-534	461	-62	-509	628	937	358	817	432	659	-953	65	829	223	513	-592	-177	634	979	145	-937	-606	953	-424	-942	778	-338	-418	-834	-932	263	-113	-880	446	-372	668	-309	64	-975	690	557	-626	340	-927	77	-883	-964	-252	-711
909	358	-411	-261	-828	-814	-958	460	679	580	-537	823	-816	921	-483	-124	-296	772	-151	673	889	215	324	-669	55	-70	-771	523	130	135	368	-278	282	-665	212	764	15	756	130	-836	-334	455	-738	-224	483	-590	915	-530	-281	-940	838	15	540	-206	-797	-1	-50	-525	765	-559	-116	-825	386	-818	291	840	-685	-425	371	176	-935	-912	-654	24	443	769	564	-709	914	-575	829	132	-759	878	607	-430	-692	-632	-99	687	764	21	73	974	-233	-59	179	-64	-770	-468
-941	-638	-180	-156	174	-631	204	24	743	-651	-191	425	-751	140	-923	-324	441	-281	-910	-297	461	841	-123	-460	-617	-541	-8	-212	9	-283	-963	236	842	-850	-298	-691	-582	-276	933	883	933	-307	607	331	-23	-101	359	-58	-111	653	-515	568	488	-209	625	828	571	896	-202	944	333	451	-701	-17	41	-434	-707	806	-239	150	-746	400	-761	194	-469	-759	-507	-615	102	355	128	180	-620	588	-790	587	-46	-177	-208	818	151	975	945	-711	-386	921	-852	95	84	290
832	-536	25	790	-490	642	463	153	283	292	-698	480	-929	635	-117	-301	348	372	-736	502	-75	-282	-872	-514	-508	870	143	-605	-819	457	636	331	-359	-361	925	-561	-828	-654	460	-592	866	-722	232	-590	547	968	901	-227	-178	640	-238	-142	566	285	-432	-574	661	433	-86	372	898	-205	-313	285	54	932	-617	774	800	-501	719	-323	-126	24	-117	-700	-512	-346	848	665	668	85	924	-923	884	-360	992	-821	-476	-388	-457	-305	-19	479	-152	-923	22	-827	812	-130
-463	973	-945	-12	-669	-866	506	170	979	596	-739	381	900	-554	296	-625	-379	706	736	789	-505	-259	700	-415	-620	-252	-101	-697	264	863	681	883	-529	109	-409	-926	-338	800	752	941	-918	688	-189	-234	-654	260	477	-354	-538	-122	66	299	-653	-815	373	960	-470	-739	733	512	308	-299	-837	-26	464	-581	267	-775	-34	35	-359	-748	48	416	351	-238	769	237	968	180	-379	-316	-398	-321	978	-470	-487	-63	579	-550	-469	236	834	367	-572	-380	-266	-889	-264	-559
-156	882	529	-777	-819	280	-918	756	969	866	-827	942	-335	-75	208	-130	904	-11	384	35	-105	-98	-327	791	-842	-723	537	-531	763	-792	74	-210	390	989	-813	-331	-963	478	793	182	679	179	-54	-678	-128	569	30	616	512	-210	-574	987	721	-944	268	14	-769	226	-762	-897	181	46	902	-201	728	341	-145	600	737	852	128	887	-192	-786	-78	-453	862	359	142	505	65	-750	-151	388	427	-749	-426	443	602	292	588	593	832	-298	664	386	667	-497	-487	-938
-195	-506	-649	253	946	84	-981	-151	-662	808	-227	-673	-601	293	69	830	147	-721	-750	-319	516	-542	219	-475	-193	-741	-648	75	-196	43	130	-266	-977	-553	-565	-150	-680	-707	-333	-782	-342	-887	-153	949	-398	844	466	973	157	497	321	-414	-975	-785	-529	-744	-861	345	933	-956	-730	-518	-856	-963	221	105	-167	310	343	148	-749	546	930	-659	916	-262	-933	617	790	-70	-169	-510	226	328	-254	971	137	150	-575	761	793	79	933	-27	-721	114	-680	-174	10	-535
-944	332	588	767	202	-249	-400	-205	-619	709	-352	8	100	-441	-232	-288	356	-822	652	-153	-900	-241	-656	866	-142	-670	-313	875	-292	343	376	-105	649	-130	484	775	-582	-233	427	797	769	-170	-102	407	-696	606	-134	-563	633	645	453	600	-350	-112	-68	-613	-134	-491	-927	-315	679	-151	821	659	-628	-257	376	454	-438	760	-147	-252	-390	220	-998	-277	-347	-893	130	-134	-911	578	367	-45	236	-170	648	413	-507	840	-53	-836	199	-332	147	-163	-795	-215	542	-304
960	-699	561	-508	212	-49	-192	175	219	46	958	-840	-931	-303	286	561	-834	977	187	-227	238	-678	-368	-356	-931	-774	390	690	428	938	991	271	-42	163	-596	500	870	-853	751	106	593	-178	875	-750	93	106	-414	618	-187	663	594	932	817	-476	625	227	-447	-453	309	-715	-565	-778	299	57	110	-32	-435	394	-128	509	28	407	-924	-736	9	-992	673	-507	952	-80	215	-815	862	859	-315	-677	281	-949	-861	-7	-928	-22	589	413	-282	-623	-846	847	-489	-514
378	293	202	47	824	-547	785	-689	-485	556	-314	-344	-279	386	151	286	357	115	-244	453	490	744	-390	-93	-893	548	136	-25	-50	-713	-156	-546	582	-67	547	-506	870	-2	491	-48	958	-61	957	-881	-721	303	250	-931	96	493	-860	405	654	497	852	-30	-705	-473	-213	-579	-391	292	127	496	779	-631	193	549	74	605	-44	888	-426	24	-85	780	486	-963	-201	654	-699	-746	241	-347	-22	-733	326	11	-117	-611	-377	-413	-62	998	-286	-403	90	-909	-483	282
591	-718	690	-698	-379	-509	-986	-31	599	-759	-9	92	-7	-365	404	-876	117	-375	319	-620	684	842	-346	683	-398	-131	78	892	-64	-46	753	559	-72	236	-902	894	28	-584	-330	-11	374	-72	-523	86	395	739	-649	137	785	951	-892	537	582	128	-929	504	589	823	706	439	-217	-445	212	663	833	79	-877	-744	-317	-305	-320	-413	858	-655	-483	-725	997	-445	866	66	-233	-530	394	-375	909	-442	-296	170	-991	-974	-432	706	828	832	-832	902	-904	303	115	-165
676	937	-616	141	-324	728	842	978	680	-735	-650	611	917	635	-891	-370	550	-468	964	-602	475	-432	-338	868	386	-454	250	311	603	-330	-969	793	-3	-118	-648	316	-81	-632	523	383	915	156	26	604	-727	-350	-341	-479	2	984	-230	294	482	-780	469	-1	613	-929	263	-90	63	-289	-641	609	272	-880	-184	-190	-781	-381	162	492	-25	-431	738	-824	132	-663	-803	-733	129	856	895	-682	991	189	795	444	-31	-567	-548	848	-102	389	162	-860	778	-171	-752	-246
497	661	-730	-837	-873	-186	-106	257	-165	-596	395	686	-744	-827	317	410	-831	109	393	654	202	-54	-705	-122	-269	197	-929	856	-60	-158	-645	-913	-638	667	-398	-962	755	886	-756	939	161	-162	-535	21	654	-732	-964	-835	600	329	-767	-795	257	-128	-254	-697	-986	-959	412	-31	318	-167	336	763	524	730	77	447	-187	307	659	-442	77	-751	999	774	632	628	-62	-209	-931	-369	980	-583	166	-5	897	292	-611	-924	408	-686	-57	-871	-15	-551	272	-428	-465	-278
-298	734	801	-854	-499	-462	-746	787	-901	683	-872	70	227	-981	296	185	748	-727	-748	620	306	-635	31	349	-622	-432	6	-603	159	967	841	-900	-715	855	84	540	40	-939	-401	-413	932	-266	-90	834	-851	218	-428	-316	699	817	221	-342	-641	225	112	-219	-996	794	910	-493	752	-712	-151	575	957	-826	817	-717	663	567	581	-585	532	723	852	-592	-272	-296	-230	329	928	432	-52	171	770	355	-557	718	897	-561	-731	756	418	923	677	-325	116	-148	233	-726
152	-863	673	-499	92	28	600	-451	-339	-102	771	-65	904	833	-433	-355	-490	326	-672	281	-676	-108	-763	141	-905	871	-200	795	299	744	436	-615	863	277	887	-551	-424	-684	57	354	430	457	-200	-948	212	517	121	349	964	367	-630	634	437	922	498	-912	455	-546	-408	397	-693	-233	-416	193	597	-488	482	375	-930	-504	-751	283	529	-337	-330	-840	-517	12	839	144	-308	-540	921	533	442	-625	308	233	-747	771	404	-452	475	-583	-614	-831	532	-259	852	405
-318	588	557	912	64	98	596	-45	226	118	-762	462	-988	-337	-490	615	267	-433	-269	65	256	-857	-682	505	792	79	-338	264	209	629	-308	-865	-771	-167	93	-237	-59	795	846	-830	-998	558	528	-654	-475	-542	-681	117	-356	215	-720	908	376	-522	901	726	39	109	-956	636	-84	694	292	-504	-668	-563	-839	-283	862	358	-52	596	794	-523	144	-497	-567	212	229	-561	-93	-286	-243	443	-913	598	-490	-110	-311	93	-366	293	-419	929	-304	-102	-189	738	748	-186
555	203	356	-910	148	-313	337	262	365	604	734	-897	822	-939	-459	147	-94	711	-246	-521	497	-715	695	622	739	-744	-418	990	989	-677	408	-488	461	576	486	-206	168	-531	791	-270	663	-906	-92	27	-628	780	-771	894	493	-745	-248	-647	-978	608	571	595	-481	223	423	-750	656	-656	-675	247	366	-264	-506	-169	526	-596	-846	163	855	816	176	509	661	688	281	-272	-906	-299	178	-676	-11	897	-262	-92	487	429	-551	41	-143	440	727	177	150	895	-402	268
-567	762	538	-685	-140	217	788	475	327	780	492	984	375	-312	769	-202	281	507	554	854	988	-551	654	-899	-846	921	276	673	321	96	-908	115	-911	915	412	423	770	496	-104	-607	-829	996	356	-323	444	-752	-590	749	778	398	-845	-159	967	221	-584	-610	318	696	-722	-819	247	212	357	927	764	64	318	698	890	917	-124	-522	-249	836	-358	-786	853	977	-605	-274	-84	-230	101	992	357	-478	-193	-965	-672	-60	857	11	636	934	833	669	700	-527	-129	-643
-63	764	-433	-998	-346	840	-960	181	-72	650	837	119	799	-817	301	-411	-169	314	-632	-5	169	-199	-118	830	-656	-34	-118	-592	-59	355	-274	545	606	-44	855	854	457	842	-986	-253	-552	938	-438	-154	-217	-407	947	-443	-788	-172	857	-889	826	-321	315	-266	872	-663	-102	258	-171	89	-93	-521	-613	-921	-762	-571	188	-623	-461	940	502	913	-721	7	348	-411	-526	782	925	-826	646	-280	-730	378	-630	-482	113	-187	265	-568	204	491	-56	-125	123	90	-307	-962
984	297	570	-711	282	758	173	705	-78	-421	-330	110	-961	-490	-925	-631	741	539	-177	467	122	-933	814	-26	878	-815	-496	918	308	-289	465	427	-919	-677	-864	263	114	74	885	-557	-570	-973	-969	813	854	107	-915	-146	-192	689	-360	7	-938	658	-916	-731	630	-165	-399	-447	127	414	-404	945	766	-204	-681	958	804	85	418	835	862	-753	-437	-52	641	418	-369	-271	-676	-490	-837	996	-664	141	-346	647	-772	876	-181	-345	-6	791	-531	701	-898	-205	535	-709
804	456	987	828	-914	-783	581	135	-23	-721	-914	615	588	266	432	-324	790	-162	130	-419	-542	-287	-629	-308	337	-97	-593	-415	620	-638	444	-895	-53	425	894	-629	576	621	765	-31	-90	924	56	-822	130	138	851	264	-545	437	371	-349	85	178	-119	903	-911	-940	-511	-745	248	-181	-139	-48	630	715	85	225	-147	872	-48	-261	600	-418	-951	-556	126	74	550	373	56	32	-574	815	990	484	-509	272	282	271	-378	-904	-51	691	-371	-47	192	282	614	-375
-712	-904	-343	-86	114	92	795	432	707	-58	-35	-483	895	-734	-853	-700	456	94	377	143	-940	152	568	-320	-466	-846	724	-642	-50	291	441	-930	-73	-352	292	-981	-633	32	749	-795	-223	345	345	750	-875	-307	44	794	-178	-19	-203	739	997	-509	-939	-983	-244	180	736	-770	-21	544	-553	12	-888	-395	-981	-489	-900	-63	-622	641	209	-442	-356	897	-279	585	210	389	-619	-577	242	-594	121	-297	-648	635	248	36	-1000	836	-925	-47	350	-761	-228	827	40	769
-23	463	416	-684	658	555	-111	307	-284	-444	431	-863	-716	312	709	-225	797	211	696	-87	-782	-612	781	-418	-710	122	-821	-565	173	733	-178	520	-886	926	-880	23	501	964	-290	593	884	-576	-280	553	-116	31	987	-229	169	877	31	478	-352	-92	-854	17	894	-384	-896	655	759	891	-924	-736	554	-655	-827	-890	209	-111	-669	-484	615	894	157	-796	833	602	-495	-703	740	1000	-398	-500	-207	-786	783	-437	-776	-661	520	326	-784	-110	-942	425	-595	-658	-626	-493
-728	929	-628	-45	515	-253	-715	-755	512	-7	-841	-44	729	-257	394	397	-718	965	-475	591	-314	-62	-912	352	-161	-145	386	209	-627	128	96	595	-113	-839	-812	599	-148	-563	-920	-116	914	-547	-326	-781	121	5	396	-371	-226	-676	-679	544	-693	883	-644	-634	757	-488	479	686	669	-721	649	737	790	947	-391	33	-490	544	-771	221	-135	99	-597	919	-195	-334	800	671	253	-393	-559	531	993	20	452	256	834	-554	93	-37	-770	-47	-962	997	-818	765	65	-749
576	655	971	672	-315	906	-188	890	-795	59	370	-348	-698	255	929	569	-774	132	-599	-242	378	-788	831	495	996	187	-466	-942	850	-332	898	559	-65	284	-272	-221	553	-556	-351	189	498	824	67	-37	-586	690	-792	-59	-524	797	-471	-626	503	185	-678	-180	750	-86	360	213	-83	425	-471	-271	-525	-920	-527	-497	-949	-466	236	-217	-781	-249	748	527	813	-96	674	-110	-838	58	755	515	-312	-32	805	446	-392	87	-915	-372	-155	949	-132	-25	253	95	967	478
938	-82	867	-894	839	179	-719	-739	-833	759	-627	792	955	-679	711	729	73	96	-876	-746	933	875	-785	576	-868	961	-96	-890	-38	961	878	-637	895	828	403	-580	237	-392	819	-349	6	-113	525	-478	349	971	88	231	983	-997	517	185	275	-29	503	-860	-211	483	-3	708	-653	838	-667	606	65	-464	739	-617	-714	-117	-404	809	-453	957	347	-341	-513	119	-322	-951	-929	-154	-620	319	-576	737	-437	499	-403	-695	943	-872	880	858	516	229	-592	214	73	-830
-290	956	928	135	-838	-315	565	-471	524	500	730	909	506	-806	-298	-808	-906	-733	735	235	-691	-80	-96	550	486	-414	179	107	-596	282	316	785	287	984	-269	-7	-617	875	296	-309	-806	630	487	839	-970	-152	819	913	-143	271	-379	168	-79	-539	865	-88	-97	-898	-848	-320	523	711	953	818	763	394	27	882	866	-906	366	-68	-659	-148	654	316	208	109	522	-364	888	379	-366	-435	-918	-108	-529	917	664	19	-716	722	-483	944	430	748	856	412	898	-841
-322	205	886	-53	-91	-27	-953	-755	5	-318	8	-772	25	-864	972	616	550	-216	-502	-731	722	-736	-630	14	-731	457	-978	-369	332	557	468	-805	-829	-366	82	-361	237	326	465	-861	909	-743	355	-747	464	851	735	-378	-940	463	968	403	486	660	937	638	643	277	725	-575	-438	-824	396	-876	-305	635	-520	117	846	991	217	63	746	-514	-985	-218	636	682	577	828	-569	832	940	-285	-673	980	-682	-251	-135	-40	-36	-665	-919	-747	205	312	-515	687	506	715
680	-103	-818	136	531	454	-557	244	475	-490	-674	-873	214	140	-542	-907	-185	520	764	-787	285	486	-509	-420	-823	471	-803	-306	264	381	55	65	467	-265	187	-627	-293	535	-319	-265	-46	474	812	622	-546	-330	37	718	421	704	-2	520	-719	737	-995	-759	823	15	-344	333	-678	-545	898	139	-289	95	102	-1000	-292	862	-221	155	-913	146	118	566	-333	-431	-589	-64	822	747	188	-10	-343	687	573	267	505	-195	-778	743	411	-242	-645	4	-331	-330	197	718
-41	569	-779	-172	317	733	906	-680	-343	31	-359	16	510	885	-357	-202	766	-251	-255	-738	-652	-680	-465	-263	770	226	478	-981	677	527	266	-479	-304	210	676	-450	99	-758	-148	601	-130	787	217	-77	532	-588	-846	367	979	-120	671	-241	-72	-310	-111	-345	524	-724	210	112	963	-86	-523	906	-837	525	-300	310	-194	-887	-373	546	627	140	-241	143	-454	705	-275	79	-235	-789	-220	-311	771	-359	552	756	-728	-16	146	164	384	-348	-588	93	892	-838	-603	-307
158	-898	-34	716	-713	434	789	-152	987	-281	-753	969	476	-650	-906	824	-120	560	-469	-415	-125	-369	-834	731	-725	-781	217	-557	700	302	-919	964	415	938	-825	205	464	-812	501	-362	-492	803	9	-738	586	789	-7	-377	-863	506	-31	237	224	226	-219	989	158	996	-680	26	-394	591	-434	564	-270	844	-382	-560	460	65	733	694	-480	754	-370	-982	119	71	341	-244	-307	105	306	-522	-443	-197	98	-994	491	-915	107	389	-217	-711	-731	-149	-67	109	-798	381
580	-242	-824	67	88	-99	462	-410	390	-400	-609	790	-107	-960	-79	117	-522	-324	-906	-523	-686	-591	-700	902	-481	379	825	96	-851	259	-157	104	119	337	-646	942	-43	113	923	-848	-424	552	-718	-814	-117	-449	-311	-310	432	-268	843	387	641	236	901	98	-398	-840	741	341	-184	-34	-669	828	-431	-810	-861	910	87	434	397	-104	159	-89	34	231	-762	-247	-223	-100	-473	-675	866	329	-876	645	109	885	581	430	-1000	685	479	-152	-322	952	-674	-961	595	801
346	528	-722	-213	-744	-460	166	-79	924	413	-698	518	604	411	-574	298	987	606	-937	-845	901	-92	528	275	-662	97	-621	916	-661	692	-542	-824	213	-278	-482	461	811	-436	-197	949	507	-400	-397	-970	-48	293	34	600	281	598	273	-706	-27	-754	-713	620	-368	652	765	-863	168	-961	154	474	-796	-929	-442	-878	179	-883	-732	-446	631	806	-18	-185	-633	412	130	359	-641	782	-416	495	287	-271	451	561	-991	-950	170	-521	997	514	-853	-559	288	-581	-501	-398
-903	-215	-753	345	-726	-1000	-81	780	-785	-393	450	-815	-32	-346	440	5	-97	647	626	298	588	373	-932	-467	-408	363	-275	-223	-204	700	-226	959	60	976	420	615	-724	-864	968	-666	408	806	-68	-51	-474	256	-83	73	175	-352	66	752	-390	764	410	697	961	-701	-852	547	-898	-205	571	248	865	-402	483	-341	511	-820	-872	-18	921	-410	91	-217	-226	-713	48	896	-550	229	345	-312	967	-281	200	238	637	481	111	-203	-941	569	-323	-919	-205	-124	361	860
-731	2	-641	-289	-960	437	427	-639	-861	-613	487	-227	-152	-406	-81	-66	489	-216	244	646	-876	-108	907	931	-117	-73	792	-313	761	418	931	356	-766	-459	-832	-439	-782	706	-813	884	312	626	490	579	832	-487	-456	850	973	688	-431	834	451	429	-11	-914	-138	737	945	729	-85	33	-738	-527	-373	605	68	551	-111	-107	768	320	938	649	574	680	401	989	997	292	-903	-335	-153	-159	813	939	111	629	-703	-664	12	-199	-691	703	-297	534	675	-420	40	102
-172	921	-103	-985	81	-844	933	-209	125	-742	-924	175	892	677	-514	-742	99	852	925	863	290	281	957	-992	-96	853	503	-416	769	968	-349	6	167	-941	-690	870	-54	-164	889	117	-767	565	674	948	218	614	94	180	-1	-423	-905	-898	-466	-327	913	402	-900	612	-642	562	-775	758	645	-628	-922	-674	819	397	844	-963	-29	-975	145	-485	-930	-529	666	926	701	297	-675	-457	42	719	677	-974	-90	96	667	-272	758	455	97	691	296	-734	-679	897	822	587
-427	-79	-464	855	652	89	-70	-827	744	-981	939	630	951	952	27	588	-724	-65	-845	-191	-362	852	-97	-61	97	709	-950	433	-977	-713	-43	783	179	761	309	768	137	442	742	380	461	-432	-55	892	392	458	-394	469	530	681	-217	930	-851	857	-305	-619	-359	724	654	-603	-841	818	-361	-980	-781	759	-905	-310	192	184	749	46	405	-546	-350	-362	820	865	-902	-618	-488	-551	980	-370	782	-344	503	114	-684	-147	-656	-414	982	143	445	256	469	-691	-702	617
-863	721	752	479	-176	-154	54	344	762	-300	773	-862	493	427	659	-25	-160	180	-194	220	771	-184	208	429	-970	-358	779	36	-410	225	-354	-67	724	-393	473	-590	968	-713	722	571	-91	-673	892	-741	-511	-380	-324	803	702	-739	476	-729	108	521	116	-915	-695	142	-58	-630	-110	-709	-62	-614	-148	669	-258	208	-518	812	-173	502	936	916	983	156	-891	928	869	-847	-560	791	562	393	-852	-778	-193	897	670	-13	-802	664	-543	-519	269	-439	102	993	-292	967
-629	380	740	-960	446	585	-985	-691	-63	967	275	-503	-918	-680	-745	-811	76	23	178	377	-689	141	-741	-699	840	-523	559	125	-886	300	-999	-829	-446	744	-733	124	-266	-484	883	-390	-264	786	-844	-940	-569	-55	710	-340	-769	51	825	389	-263	-482	847	-359	-899	-166	142	510	-303	-287	982	-307	-390	773	647	899	-868	-574	371	-665	530	586	943	-597	599	-300	-551	-641	256	-170	-949	216	-552	352	-648	-285	-845	64	-532	-616	-868	-218	784	-661	-782	-610	886	-149
-292	-593	508	-987	-530	993	-971	-619	-606	-893	-1000	-39	-449	619	-854	-161	-97	456	192	-370	-350	-745	5	443	143	-632	178	-430	407	-952	291	-884	-39	-281	469	339	-681	247	-515	609	-336	498	-94	-721	-551	-781	-718	572	747	-556	92	-982	974	-617	121	579	-299	-294	-669	-911	940	-402	89	451	35	-584	817	843	-410	850	862	374	-881	-164	-37	879	697	-544	-686	809	452	269	240	-639	691	-765	-167	-429	47	-678	-769	858	-217	-535	-36	-600	524	-762	970	-857
-279	20	964	-137	637	-276	-527	361	-936	-876	684	-901	29	-648	-141	783	-566	612	-448	467	113	-16	-813	-797	-333	547	944	629	-653	-43	612	315	801	924	-494	283	-599	-826	112	-580	847	-198	-536	679	307	216	301	-307	241	988	591	726	-488	-928	-538	146	-860	-189	-844	-195	107	404	-552	-982	-534	494	635	-249	-772	-764	695	-248	334	-473	-486	152	-824	-851	-9	-593	680	-228	900	639	-308	574	-428	-890	948	-814	157	-778	-490	-44	-953	453	430	-898	-811	625
-401	382	-177	732	247	-702	-969	89	715	-548	-545	372	-4	211	532	637	-880	-284	848	-308	-88	-728	124	-813	359	-70	221	-670	-928	920	-809	320	-774	-586	927	-785	-645	74	-977	891	157	-477	34	856	934	-490	388	993	621	694	-949	504	73	-403	531	168	-533	-482	396	-917	12	-282	-724	988	485	-461	606	-73	-767	578	848	560	-207	616	24	966	658	612	-85	80	-765	226	-672	-792	-561	906	-69	-849	393	-492	837	341	707	-427	-415	308	-849	558	441	-57
888	-349	951	-955	-859	626	884	-95	367	250	630	710	-708	-423	958	234	413	-407	446	256	-674	-517	-158	784	948	-88	302	250	-846	138	-753	-583	268	-774	-273	-820	402	98	308	924	-168	13	-837	838	589	374	853	981	225	-323	-662	-970	-189	693	125	-741	803	481	582	291	-767	991	-939	878	256	536	335	-743	-661	-492	170	475	31	-956	-573	-796	-375	549	8	628	-63	878	366	957	663	614	-167	-365	-305	-628	764	-50	591	797	-571	-848	-988	768	-47	-421
207	-30	-839	-527	-998	-51	168	-735	-182	-988	585	704	-841	666	-978	324	897	400	-330	66	539	824	-328	-80	-15	253	192	-986	-581	-627	-421	64	466	-217	648	377	33	622	-968	563	-889	-416	-893	843	-811	-710	988	-396	443	676	-778	608	-244	874	-591	-742	-333	123	-696	-148	461	152	-128	-612	-376	-512	-30	-792	-423	372	302	-211	-270	653	-128	-431	-668	-890	802	150	698	721	978	877	-829	-573	-988	88	535	-677	-621	-404	-22	386	555	924	-48	-73	881	881
617	-821	-526	448	-673	-201	222	745	-18	80	-535	987	587	386	-886	-460	409	-254	-619	-735	-471	152	51	-351	-17	-441	-47	976	-594	-114	-996	425	-467	841	235	-993	-483	-86	588	474	-381	-504	-306	-224	890	-827	-623	-362	582	-80	940	-575	384	-932	233	855	-104	-630	580	-847	311	415	-404	843	694	-911	0	292	175	-331	984	358	338	-749	1	-55	368	951	2	51	155	-137	249	974	725	627	185	619	459	569	-304	892	-522	756	658	746	-625	-147	-27	337
462	210	-84	294	332	-818	-444	205	-58	-787	-993	164	-729	376	-916	-43	-695	918	-885	-337	-413	-92	-969	-859	-168	-997	-210	-631	253	-774	822	-265	-418	271	305	-520	4	797	-906	-249	-414	269	536	991	-280	-4	63	-219	910	-626	366	426	-467	310	354	-189	179	506	914	194	469	550	-593	-695	-979	-415	-959	-603	-884	-715	-817	506	-421	752	841	-671	-245	-11	479	504	193	524	-958	-755	615	-660	191	251	-288	325	-439	933	-27	552	48	168	654	-395	-898	-697
-372	795	73	-835	810	-889	-568	920	-692	-456	294	-547	-329	520	564	-276	-614	-494	815	-610	-342	-240	-861	-756	520	572	-640	-501	84	632	-23	-291	-219	616	444	296	688	-515	-571	-919	207	293	340	732	-510	-30	-693	197	-12	-205	926	-252	416	807	-482	-708	844	-4	715	-97	270	-735	585	-600	648	199	-365	442	22	468	93	312	-33	-382	183	-127	524	80	690	948	-695	572	-928	-603	718	-494	-722	-217	635	983	268	757	759	-860	820	875	375	-231	412	87
-529	-94	-654	680	895	-891	-234	826	857	-661	65	-159	-842	490	-596	-811	-845	308	762	-494	606	284	837	-503	-825	-887	-476	-377	-20	794	-165	-186	886	685	527	-587	51	-530	-60	-592	-274	-320	787	143	564	438	-443	-596	-352	-40	891	-276	-7	-513	956	877	594	-774	421	931	124	24	262	-989	395	-723	788	-428	436	-481	507	-61	-136	620	-295	139	306	611	-269	-634	-331	-11	-140	-876	-430	-808	286	-796	982	-45	185	-657	493	-73	257	-148	-713	-536	-603	383
626	-38	404	-484	-694	-787	619	56	-367	177	-825	77	380	-467	420	759	-110	-718	405	-434	989	-911	628	633	-181	-870	473	839	583	196	958	581	517	-641	-334	266	-82	692	-669	576	-769	524	-129	-762	-627	726	-197	411	-884	-226	-980	-952	-237	-143	522	833	-861	883	-390	-813	510	487	-599	-722	-431	-301	-949	797	-252	-382	855	296	-446	-584	436	-279	293	-659	-148	-372	-856	-452	531	-499	269	113	-19	-157	-368	971	-10	-251	-750	-527	-190	-781	-777	-918	736	901
-203	570	-732	-231	168	901	-850	-203	490	602	-6	-932	618	37	-532	868	-242	296	-369	758	-239	316	-62	594	662	-925	744	40	-834	-461	-875	-535	619	-48	-605	-688	-54	141	-625	982	536	818	615	366	350	-847	272	-940	955	66	-664	400	-311	933	783	291	722	-23	471	-581	-259	281	815	-267	-273	20	-991	455	96	432	-619	169	511	-766	725	795	-628	459	16	545	-917	740	654	-769	-886	-185	-397	-119	991	589	-853	-694	307	-526	-654	631	-837	117	-818	588
-998	124	994	-912	-499	198	-32	750	146	85	-856	951	-670	-639	-752	-140	4	913	-685	-472	-831	764	613	-110	930	-340	-692	-325	-663	648	-436	-887	889	387	144	-608	970	103	-48	246	821	181	748	-756	916	-175	285	-800	-155	743	-833	-67	-652	229	610	293	809	-482	935	-161	-624	71	-686	-445	890	628	693	-664	133	-746	205	624	685	-868	816	-774	506	507	72	545	762	715	-82	-185	136	510	-644	-365	-965	-506	487	-681	550	-999	-211	833	264	568	535	-570
-785	-51	-766	111	154	503	-62	-756	-332	-734	207	988	732	261	-853	-937	-780	-816	796	-417	-883	810	266	703	163	217	-270	814	170	546	955	855	-530	-720	292	34	167	61	554	202	-238	-290	89	-940	-117	175	509	907	173	90	123	976	-606	135	773	574	931	442	-744	182	436	-221	587	491	-131	181	-817	-594	-945	463	-986	869	250	491	-46	-760	-834	-418	14	228	338	489	-380	-308	451	-872	-784	-131	-361	587	-172	148	-343	988	526	204	-373	231	-523	290
266	111	465	-244	586	777	-195	641	899	-755	93	-78	-450	-755	913	313	-707	-388	770	-897	-812	414	581	236	409	157	766	-814	939	545	331	-995	-805	626	918	197	-63	257	699	-794	643	297	309	943	409	-518	-893	-65	-339	-968	-575	-817	651	948	531	-32	659	-690	535	-421	199	-122	-398	240	-95	-73	192	-910	-177	438	335	-910	-86	200	252	-552	-495	-202	660	340	-397	-893	-659	398	-814	753	-246	564	-223	-881	117	-485	-337	-138	598	-479	895	-304	808	-401
-926	-479	-479	-513	-38	219	-894	468	35	-60	-560	490	-86	-247	299	-144	8	704	373	-84	-640	657	-939	-52	-526	704	-289	852	-657	799	-975	609	-807	478	-653	-830	823	-152	-706	-218	-764	423	575	-800	292	614	-327	-539	866	551	272	293	903	107	-861	390	751	561	48	-391	385	474	809	899	939	-38	-31	-809	-91	-303	708	-943	315	961	-760	520	-89	-86	-240	-157	963	-932	175	-644	999	-900	-407	-608	831	629	784	-699	996	-784	419	-331	37	732	322	-944
350	-955	-961	-850	-433	216	936	-437	194	-340	550	-601	497	-949	687	-551	-350	921	592	551	654	-574	-844	-292	-900	756	35	-445	-50	241	-447	-446	-423	244	-460	143	891	652	-203	855	-286	768	815	26	500	568	605	668	386	541	-585	-638	918	840	-208	923	826	-829	-859	-276	476	-59	-33	191	938	-870	28	351	797	469	16	510	82	-983	-308	510	381	-547	-836	-668	-148	-749	220	-138	-146	641	473	-518	-970	447	118	-53	997	-996	-823	28	-88	292	469	-737
-19	373	788	-286	669	-491	-380	768	395	-730	-386	591	45	935	-871	787	910	555	438	824	-32	-509	-814	-771	-33	-937	-310	954	-40	175	345	-411	654	653	-552	-60	935	-906	-538	230	383	748	574	-181	231	806	-812	-96	-242	830	-511	-955	-399	-685	-982	-422	-235	324	409	-456	-70	763	-613	876	-213	-338	868	-468	5	-452	764	-398	322	260	-712	186	514	-856	201	-615	-44	-751	558	-105	-161	-665	-165	-922	632	466	984	1	-35	-127	52	-119	-857	-86	956	-149
756	-470	146	-953	492	-472	800	-219	-430	712	-164	490	-57	231	-365	61	689	-514	-967	-881	747	-312	-409	-35	-940	584	427	177	242	977	-262	-709	786	37	254	-933	-254	-451	-545	-407	-213	235	-627	-159	993	943	-110	898	530	-522	266	-641	-794	49	320	-599	845	-270	296	163	642	773	-780	-649	-756	-42	-118	-726	419	742	-749	352	-217	-76	639	-739	435	802	-2	110	-510	331	671	-843	-223	323	515	-519	-570	-980	245	-621	-669	66	477	-727	403	-112	609	344
587	-357	382	980	-121	32	988	730	793	-662	813	-241	-69	865	-913	785	279	608	-945	618	916	229	754	-935	641	527	616	109	264	24	-255	883	746	-890	-653	-699	-861	526	42	360	-282	283	284	-691	-299	22	-267	-609	-136	-170	-494	-500	29	605	303	-268	873	719	-314	262	-196	-316	849	-914	708	573	-300	-253	431	-711	-761	373	298	489	-95	-168	820	-209	-140	-317	-235	-489	820	401	914	891	-301	857	784	618	-573	-75	903	147	-97	381	856	665	-189	741
-914	850	-742	400	-963	-302	205	-223	144	971	-507	-783	485	-134	663	-952	-21	162	-601	-741	944	321	228	112	-782	856	911	759	-273	765	296	27	334	-795	-471	834	-321	-294	-907	-494	318	363	850	-382	80	241	-608	324	236	139	880	833	427	626	515	-522	936	-749	750	545	986	180	-747	503	-438	170	529	-879	555	-399	-42	-327	218	-48	-161	789	-960	-232	921	14	700	-879	-694	-762	-841	242	-658	-621	-305	-204	678	371	99	-217	763	959	459	744	171	134
-792	-611	23	-855	-891	603	-323	282	450	-257	819	-532	361	-331	-631	801	814	-872	204	428	-226	-641	673	588	-737	-666	-494	-140	-908	730	-104	-420	107	927	613	47	274	-5	-807	888	239	-3	-52	724	932	-545	-90	-438	196	-523	594	-396	738	-818	698	-669	897	381	634	867	486	-539	-109	932	502	312	497	983	818	749	951	547	-879	210	696	565	-722	577	-548	-801	-196	397	-161	-637	297	4	-847	-106	192	-923	-54	-627	876	271	791	-62	338	-195	161	-671
-107	-313	543	-853	-45	791	312	402	-254	-59	122	-523	-159	-189	-620	906	290	-362	175	683	74	-526	195	901	-883	-27	-15	272	-15	867	74	402	-81	659	743	-716	69	-624	-698	235	-790	-716	-730	-902	341	892	210	675	-66	971	-228	-651	-632	358	90	972	-57	126	309	957	892	-846	-426	183	82	-130	-423	-80	-719	69	830	-140	111	61	876	881	44	-531	-749	-620	-223	-828	997	-39	-375	731	918	980	-767	-423	518	-473	-648	351	22	-996	154	-996	-1	-651
-728	664	-150	-474	-722	17	-707	-837	438	-874	267	961	394	-66	-8	-409	234	-114	-54	244	565	85	652	-938	521	-732	-616	922	295	997	719	104	-153	526	-190	308	-855	-65	752	568	-184	-963	269	325	-858	15	328	727	858	-741	-251	-27	719	-902	265	313	-800	830	671	253	311	833	394	395	-469	396	122	-781	-182	-164	12	-476	-890	223	-855	975	-294	127	-505	-151	-658	-758	467	891	882	223	-371	712	-974	-39	878	-333	51	-2	-962	867	111	-836	-510	414
-456	50	284	471	-158	945	-375	73	-314	1000	-327	226	585	700	750	423	-578	617	572	-215	-633	-325	782	-705	513	-562	637	277	654	-786	-148	-29	736	80	985	878	358	72	-923	-380	562	-496	960	725	-366	-996	-991	-430	602	67	-744	-566	-580	792	382	-804	-391	98	527	49	-13	376	-384	-409	-186	736	-53	-591	157	523	-1	4	765	-750	-568	547	443	-735	-117	101	-107	-321	-411	464	824	953	418	-636	-873	725	-229	826	-57	-362	433	-683	-841	-580	-806	673
-364	-975	-704	717	-702	173	-287	401	169	283	-927	-217	-783	-552	493	-507	-330	574	402	-195	-390	-193	-24	958	810	974	-74	-891	133	-940	980	-978	-990	643	994	-550	134	-594	-740	341	158	650	-790	347	-642	455	-723	464	639	-126	668	-115	335	-838	373	-719	-251	720	475	810	-377	547	-790	-993	178	197	-396	949	-860	262	-794	229	628	-260	89	-811	171	100	138	368	-547	695	380	-863	-933	-451	415	854	-927	-178	-425	420	-448	236	363	-857	242	843	608	-33
-611	740	-886	734	-873	-421	-377	-103	-868	615	-691	-991	42	642	373	941	-835	199	-116	-363	-310	98	423	-823	43	-692	-733	114	-655	-13	226	677	-106	95	-196	-18	-101	598	-961	622	407	160	783	997	717	-126	-391	487	-537	811	-909	-806	-698	-311	-296	-331	747	-673	352	475	510	246	847	-863	-489	-368	291	705	-520	681	769	-904	557	-258	511	-363	825	867	933	762	-799	552	-571	-265	-166	689	-73	-444	-689	-642	145	908	303	359	-405	-624	930	468	-649	-470
357	-134	549	53	93	421	-224	776	-879	848	5	-961	824	614	-729	218	535	453	583	666	101	648	-117	-256	-688	-888	-80	931	-859	-633	971	-337	-99	-357	-614	7	-411	518	-233	-941	272	-491	544	-5	417	801	92	670	-640	-526	-705	895	415	-27	-995	-762	540	792	-836	-208	-339	-809	-796	158	87	-580	-332	583	-761	500	-119	599	146	-576	-956	12	-279	-997	0	990	-717	-914	-806	-801	-524	-706	906	-265	537	-425	-261	-365	-497	993	-647	-723	282	-981	362	519
846	-513	196	-125	-321	498	-70	9	278	-124	568	-422	354	567	-666	795	-755	698	288	-811	358	-209	750	498	-912	579	-86	497	-494	807	210	547	-516	-197	698	-371	698	-753	-744	993	225	-143	-463	-336	45	580	986	772	-634	-17	55	869	801	224	533	526	-903	1000	-351	-366	102	-132	-70	501	997	-245	-82	-54	124	481	342	349	-640	9	-227	-691	440	-455	-708	656	441	-359	957	704	-691	573	-801	-960	688	-925	-674	191	36	770	-89	-869	241	-920	193	744
406	80	-5	170	-816	896	786	659	-118	577	598	568	-408	-221	561	-229	501	179	800	-392	-968	-229	-222	-445	756	5	-900	-396	650	-696	-132	-67	205	-427	790	-49	428	-550	-493	-942	817	-770	-674	-580	898	-894	322	-780	-339	939	-336	-169	-883	-876	-610	-71	462	41	43	2	287	820	618	992	-55	-858	5	50	-879	32	-850	234	-516	-605	-7	556	-975	433	-139	-515	-311	485	-115	-483	603	692	218	623	651	-290	114	-906	225	-175	721	-795	-214	703	-249	-274
-824	-877	980	-302	-973	995	-668	-904	13	561	-206	710	64	-247	-459	-198	487	13	864	-584	-884	824	84	949	629	-576	941	-921	943	-763	722	573	324	-686	-261	814	-959	428	-546	958	538	-124	-539	-972	-48	847	-227	339	-93	170	522	-675	-419	318	-682	-865	809	-398	439	-465	593	764	742	-780	-925	297	334	644	310	-784	621	453	576	623	-912	-123	400	-434	-844	165	661	-420	-911	-625	0	-268	-271	-768	-628	-363	-340	423	-416	917	-371	-706	158	670	-619	-684
4	-298	997	-575	-666	-258	-338	-893	235	845	982	-670	164	525	197	625	-827	-647	516	-846	-810	935	606	213	-734	-35	-628	-797	-838	-342	-735	655	-289	610	57	350	-441	297	877	-312	760	108	145	315	780	352	586	310	918	645	460	296	656	-585	-484	-922	45	481	353	352	378	946	-282	-234	482	-23	376	-532	67	859	679	-516	495	-629	433	247	-527	343	-792	828	-146	-382	-233	835	555	-165	-867	-367	-962	634	953	-548	-778	590	-799	933	-630	-364	555	679
-523	-131	-65	108	-355	377	-667	863	-31	-704	-554	-466	504	-5	966	323	89	-740	-53	-240	-895	891	448	-314	46	-773	-425	-398	-523	-469	828	682	362	453	-10	-881	-500	-143	-299	224	-810	166	135	132	855	843	-311	875	-101	-696	799	807	-417	121	424	-710	73	-739	361	-899	516	157	-714	-408	-835	658	710	970	-713	406	-324	-147	-246	-788	479	-445	948	46	430	-993	475	-620	-72	449	855	-691	-903	-112	-195	437	-615	-441	-115	-328	24	318	-611	949	-91	-736
899	927	394	-297	748	116	276	783	-412	-830	274	625	-497	-118	591	-505	586	-446	-849	-648	-922	-249	972	-298	321	430	-816	515	619	-742	42	-326	532	-270	-636	694	165	-833	-126	-751	285	-497	17	-495	807	376	-230	41	-271	356	-221	516	-185	193	11	40	-208	3	790	-81	117	729	561	616	-920	-808	816	-128	-132	597	-79	-601	858	883	-301	-480	834	-936	-20	417	-675	277	-760	909	-961	-595	726	-972	642	-223	-431	-105	-128	863	-132	-57	-592	-614	55	-899
209	27	-102	-981	700	28	-916	566	35	156	-514	-794	-713	580	210	599	-221	-47	-400	-857	309	-454	-535	466	247	295	902	-57	-61	920	-469	-963	139	819	-630	229	-457	-187	350	328	-448	753	-882	-238	-708	618	-641	-678	489	-106	-739	-257	874	918	-925	89	-127	295	-107	-77	989	415	-332	329	-293	577	-405	849	323	271	-218	-62	-791	439	978	284	53	-112	-738	-891	688	-416	635	-488	197	365	470	-457	-74	968	-912	-849	814	-826	-864	-504	-331	134	674	-251
-95	820	-189	69	867	976	-606	-256	249	716	589	107	-304	479	871	-670	-232	570	-414	19	218	104	301	-811	-493	400	944	753	-868	-212	-635	-44	643	106	-442	-529	-459	431	-793	51	875	475	980	-534	594	-204	-705	698	-348	130	682	510	-535	-290	107	-272	-628	-878	-7	507	-1	-161	-948	545	-208	-984	-906	109	927	340	163	-926	-1000	336	533	43	-872	477	637	744	146	587	-805	-722	-123	-822	-45	670	-205	82	216	135	285	366	39	-79	39	591	821	839
-935	-267	-745	-578	-659	-921	174	35	546	-607	104	-399	698	-279	884	-36	320	-388	101	18	-883	-590	948	-42	343	466	437	164	678	785	-375	-529	193	-328	883	-21	586	537	-381	-736	814	-48	398	-663	902	17	-48	968	-312	-935	150	-163	815	-260	-778	686	291	-739	-260	-992	-344	-386	-408	-405	603	-896	847	768	539	-640	923	120	591	-87	696	-295	488	-643	-945	-787	207	743	461	466	189	676	-724	-697	285	-976	-581	-695	-971	-562	-169	674	-116	-578	786	644
-303	-597	-447	-293	-866	46	946	-114	-850	-512	-422	427	322	466	884	806	-542	-741	536	-70	656	894	55	531	-937	535	-353	-998	205	-761	-573	535	75	-329	-358	-598	-949	-648	-639	706	814	-430	590	-304	-339	29	-551	-973	-770	-610	-45	-803	-395	-536	-154	-65	-52	-321	-957	-163	-57	-518	-309	-651	833	393	-452	644	906	299	-643	865	-923	-220	880	-577	583	-979	787	-44	-860	912	-293	-944	-11	-324	-530	251	56	-753	601	-746	-667	-274	-970	-100	636	-748	-610	250
471	589	453	849	313	-677	-109	-157	-701	947	88	-691	-354	3	-592	76	-266	-185	-391	-424	906	228	185	-854	-361	453	268	-885	-746	561	59	-285	962	567	339	-264	688	548	912	-177	-496	935	607	-542	864	780	939	592	95	-887	-122	690	264	160	-355	-677	63	739	-718	492	-369	-718	-731	925	234	298	-356	825	930	987	924	97	165	247	57	784	433	98	-396	600	-243	-961	152	-533	840	-955	809	-416	-769	551	111	-308	-524	197	102	846	-254	506	561	985
-849	-30	743	-100	-730	-244	-504	61	-91	-119	-570	508	-308	167	-188	130	-562	437	-188	-392	-738	891	183	-447	568	1	267	-841	-216	130	-793	36	-140	465	336	17	-234	471	149	-682	370	-116	-51	579	-876	506	-887	726	-482	-718	-131	663	151	-593	-715	372	-96	-578	-462	105	385	414	-149	669	704	-383	417	-686	362	-450	818	73	467	348	277	336	-721	258	-181	194	-983	101	-681	334	-797	796	-328	-258	433	476	-925	390	-540	-940	-650	370	676	367	737	-807
759	359	637	438	-384	-435	795	162	-464	-990	-906	353	-423	481	384	23	751	248	-656	611	233	-890	987	863	-425	-109	559	750	-825	-950	-924	309	755	-457	776	-21	-448	-416	833	519	-791	183	-835	-6	720	-853	362	651	710	55	538	-33	825	-33	-838	-562	-682	731	-656	477	-819	-451	624	-128	956	942	-634	-571	826	233	-10	-732	-990	-16	-300	914	75	-288	653	-777	-349	229	781	-998	41	-611	-484	610	-288	265	-764	67	-446	-612	305	210	-934	-707	-97	-477
-495	-440	-210	174	856	418	61	-775	598	567	-56	-544	-106	-554	-190	-890	931	-694	537	-815	433	196	590	491	231	289	-688	-176	506	447	319	-580	135	-881	-990	855	495	-385	-515	-672	651	121	-527	-521	496	942	-592	915	-49	-928	317	-123	140	513	-345	-180	337	168	-458	401	-849	391	445	646	-769	-274	817	-881	810	676	-682	590	-102	600	-459	478	-94	-286	376	-210	-347	-668	-226	193	-446	-30	-813	-622	931	-543	-185	452	-398	-630	-897	291	960	262	819	667
-20	234	142	-148	-221	-846	846	541	478	217	850	739	241	-202	475	-56	-42	321	-617	294	-698	-276	586	259	-716	967	-564	511	-831	726	898	-875	-886	-44	-936	-601	-205	-614	723	-63	-828	-749	-230	-274	132	-507	598	975	116	211	-46	-513	11	-416	242	-837	713	-625	630	-858	-462	-347	-925	942	-637	327	-665	-555	-838	906	-300	672	-537	786	329	967	184	-202	485	119	215	843	671	-717	-515	784	352	459	-185	90	603	666	-783	773	-393	-245	905	-534	-231	-32
-765	598	667	710	95	933	349	182	-138	352	-738	-155	-130	439	-113	-415	636	-989	498	587	-69	543	687	976	-664	-511	-113	-941	436	930	549	537	-551	438	-53	-723	-358	381	395	360	-867	-598	-671	-69	-55	986	866	-456	412	-153	-338	14	900	-479	846	-391	272	270	994	-490	-335	249	487	167	61	-952	-455	-560	290	670	688	200	926	-461	-817	854	-949	672	60	-937	821	-259	965	328	-948	-310	278	-91	856	540	519	565	-851	360	1	762	-251	-178	405	154
-388	604	-710	-609	315	-433	-84	929	872	-1	143	-724	952	268	-253	458	-746	-790	-939	-117	791	85	444	-296	-196	944	-41	765	-867	590	-897	-911	874	-117	-692	121	556	807	945	193	54	-158	801	-516	-759	584	-235	-881	228	-973	-42	-332	119	-884	-69	-315	-205	285	388	-551	-76	-995	745	227	512	-172	668	-16	851	715	535	536	-909	835	523	146	456	504	795	-500	-719	-223	-77	-694	215	145	733	911	-162	-130	-337	121	-272	534	-920	-466	-1	971	-403	-684
-476	800	911	633	-407	718	-819	426	-400	214	199	-649	-891	917	-865	-419	-994	-604	79	405	311	-131	-787	709	616	-781	153	293	-509	-926	24	459	-693	849	869	-416	-974	-7	-35	-678	-351	144	831	849	-891	-92	-267	-879	-553	543	-429	-215	870	798	414	589	356	333	-244	-549	-896	-363	-384	652	77	-812	-744	581	-230	-576	-980	-67	-549	948	-20	237	-658	299	-824	-679	933	-174	555	515	-781	259	927	-883	112	693	240	792	90	310	970	558	-512	-94	299	-622
-107	-293	570	595	-327	726	925	801	959	158	972	222	678	731	-909	844	-317	-976	-928	758	981	197	716	-47	276	631	423	-178	-200	601	-791	-71	982	731	658	619	907	154	365	8	-341	974	-70	347	215	467	54	-208	748	973	114	447	463	-12	-18	-346	607	-825	-928	741	568	-322	-312	717	643	705	-91	330	611	-34	-143	-445	75	526	818	-400	-498	387	485	-742	939	845	-272	-618	-657	705	-121	-981	-152	679	-854	-123	-918	252	200	-11	471	119	906	411
