357	-961	-492	-975	-816	798	-280	-501	-245	93	-7	-129	-214	802	671	157	401	-706	-463	-510	-885	681	-641	57	305	-920	488	113	715	-306	-13	269	280	-950	668	-199	-42	157	177	-677	598	-951	-53	975	-476	919	-411	947	586	-781	353	-920	835	571	554	165	-610	69	-274	-821	372	-374	586	-298	-571	-274	280	-352	657	-142	-192	-552	-706	-733	997	-465	-241	-499	-284	-122	-698	-605	-529	441	672	749	-530	-695	-106	-839	-144	405	115	758	539	-620	-972	-482	-120	-142
633	808	-340	-210	114	-160	248	255	-485	-774	-348	-2	103	-507	904	570	847	182	929	914	972	789	615	580	305	443	-943	-739	-48	728	57	-893	-682	-234	-402	-576	-466	-562	679	866	-723	-14	-104	-701	-769	-918	-535	-878	-710	263	-350	156	277	741	772	486	-794	856	-392	263	-838	-793	-867	879	-196	-701	-387	823	-49	-705	-739	126	-209	-164	-849	639	-93	-867	-895	314	-286	-455	-864	-356	325	0	666	88	640	-541	-520	-123	442	-273	84	168	1000	194	-653	85
543	-279	-467	226	-96	-886	704	-479	-172	-395	-593	495	-905	719	-799	643	625	716	430	-242	-11	-781	443	713	301	-803	-589	-93	526	-41	-432	209	-320	-85	-57	-955	350	-508	-159	58	-18	-332	-180	-114	77	-624	-258	267	-62	-701	-364	475	-316	-434	759	662	-482	-868	-432	289	-152	232	590	-396	-557	-441	-374	499	270	640	-721	941	-818	-494	-619	63	-742	44	-702	470	536	-128	736	628	-443	508	-966	-876	-651	-119	267	-368	-481	899	-265	-528	533	847	-764	22
-797	-423	458	336	-455	-369	-712	-38	842	813	-911	181	753	362	-487	-835	-382	-727	711	249	687	311	-136	-913	609	-355	11	-2	-576	-149	236	157	382	656	-772	-113	-742	952	-12	210	335	821	-734	-374	-657	-423	953	-121	-746	649	447	-86	827	865	-121	721	-311	-641	-575	315	67	-631	611	-351	962	529	257	-113	-591	-751	984	-989	0	-673	59	-906	388	-893	978	-559	628	-503	-408	863	647	847	90	-148	-410	996	-233	879	415	-674	945	-595	-917	-471	-729	-557
-218	813	-665	234	49	-620	737	-309	147	264	-361	-83	567	-262	-597	-584	-970	761	-601	126	-251	458	-71	210	785	-80	463	-944	-816	-411	-319	-704	909	-636	946	793	-863	41	-547	-532	-287	-698	-657	433	109	369	980	-676	-964	-147	-832	-999	0	-647	554	205	-565	58	557	-267	827	937	530	-784	938	-225	-810	63	203	754	-604	-600	-196	-443	-854	-884	523	632	765	-720	972	805	917	-443	-681	838	417	-658	372	484	665	674	-259	-655	668	345	-221	-453	-741	-95
-499	439	820	897	720	347	-309	439	158	-800	145	-365	-174	638	988	-722	644	-159	681	271	226	405	-434	-277	-80	-371	-822	277	612	523	-248	-726	-337	50	-107	773	-974	196	-374	442	-324	389	839	967	-400	770	-780	-958	-686	453	-691	-983	-337	266	367	75	249	-128	219	666	-693	-348	-926	-176	964	290	451	-831	-746	818	-167	486	375	-253	291	596	117	7	975	-686	-162	-380	-529	-113	-382	-917	830	871	-77	-414	38	708	689	76	-372	743	-270	-307	-932	-594
969	-36	-179	-922	883	-750	316	125	911	-625	-354	197	-293	309	809	629	84	615	314	-791	-691	-413	151	-784	420	269	-811	-736	69	59	-671	34	173	323	-891	546	333	-145	645	51	-68	-752	-499	338	261	-873	-873	-725	661	-970	33	872	814	904	-363	862	-61	-105	793	378	910	268	194	-94	-876	-61	-81	-549	115	770	-249	-491	-377	-355	-239	-593	379	339	922	-757	735	154	-544	302	-282	82	997	20	-802	-133	197	-425	-982	937	797	-555	-805	53	-388	-291
-635	-69	-577	-920	531	989	-862	965	-309	889	956	204	-711	223	466	396	-616	-155	-531	-904	-230	-121	-142	-123	334	-537	882	413	-436	-134	689	663	-487	-349	-173	-894	-340	-747	-528	422	132	-826	-179	-707	-450	851	704	2	213	-531	-433	-464	68	4	-644	-239	-654	-344	-896	880	927	106	143	-75	417	182	-417	-85	750	166	991	-972	-388	349	970	-433	290	-944	-857	-655	-675	242	-33	-259	-409	496	450	163	-739	63	-534	353	843	-784	-546	754	-951	849	-318	-651
-913	-585	272	-253	-793	681	-365	761	903	-447	-293	355	139	-955	-377	-494	52	-291	-622	40	-896	803	678	862	575	-371	-172	-376	879	-846	-781	-74	-315	-561	-56	417	-291	328	-339	496	-707	-911	275	782	-568	537	-713	-451	-903	522	-540	632	-806	320	-522	678	-250	245	932	117	-731	-966	791	-642	139	803	-794	-11	303	-248	167	-878	790	-163	163	-322	-126	311	517	-676	-440	-565	-984	-694	736	580	746	54	77	-722	-94	49	671	802	736	-632	589	-442	794	-423
502	-751	769	-799	465	761	-371	-742	-680	-510	827	729	-199	-880	562	-585	318	820	441	492	719	-303	958	-107	458	209	-495	-451	744	759	470	-42	332	595	-307	477	378	358	-748	-577	-695	307	-65	23	-27	623	-169	-384	649	-969	570	859	-692	-403	-435	502	-393	660	-371	-100	-988	718	-471	604	385	-111	-744	385	482	142	-539	-883	-178	314	694	41	661	93	-160	471	-167	-32	786	601	342	-419	-200	-531	-262	-275	-843	306	191	38	-181	61	-147	-637	-213	-571
-621	112	-679	-656	464	-58	-640	724	-128	-836	-624	-167	698	-82	933	733	994	475	992	-956	24	-572	410	-813	647	-904	-850	833	-474	239	-849	-834	619	-701	739	-207	41	839	338	501	-396	-981	497	517	652	-871	116	-686	1000	98	997	124	-546	138	767	-764	662	278	-749	-719	721	-2	-23	295	876	900	420	56	-235	691	-639	-554	325	939	392	-308	-563	-706	-704	298	-166	-787	-471	-908	224	124	-982	831	122	-413	-156	59	-308	352	-843	-505	3	224	-332	703
79	954	-288	-687	19	-748	-654	-466	946	-879	737	-798	-616	-105	8	747	-76	-876	668	-615	-722	262	851	779	-799	55	-389	686	-416	375	-641	867	816	-726	579	193	-992	948	-188	771	-577	902	622	35	989	369	-559	-17	-390	-619	866	938	-34	398	263	-442	362	887	887	-983	-801	579	-200	401	831	-720	362	-669	-379	237	-745	-853	-769	-455	444	51	718	-993	-280	904	159	-406	620	-571	-961	744	895	-364	-338	537	-728	-633	780	26	-360	-189	334	-910	49	-198
-606	896	78	-38	690	300	-262	-440	-749	-489	376	458	270	-812	-948	-554	-24	-916	353	405	841	557	766	-834	-761	69	323	27	-632	-963	-211	766	-962	-203	-285	-1000	2	419	-464	919	-38	-446	-556	447	-383	58	-230	-936	449	773	982	-806	177	-440	485	-763	837	-138	-492	-657	623	261	-681	-930	-939	-227	40	-507	782	-748	591	93	305	199	-208	-10	-230	299	618	245	746	168	-184	-672	-723	352	-866	-410	373	513	625	-610	132	309	307	-838	844	-623	-806	-552
418	454	-176	766	-78	203	-838	-892	99	324	284	-669	243	505	181	480	-651	370	713	-982	-364	-922	-729	-931	274	-763	683	-809	623	530	-308	-392	243	183	750	-577	518	-296	460	713	788	107	10	117	762	405	-78	57	-123	712	-578	-377	396	-541	-400	412	360	-29	764	-486	774	512	-48	401	927	-258	-231	680	640	-701	-620	737	760	47	870	773	-2	-842	-171	742	828	582	-978	663	-507	202	593	982	-542	918	-272	647	73	-350	-791	523	808	-577	-487	-288
-20	201	-581	715	340	883	-809	584	841	321	-325	991	-89	797	271	-183	303	264	-995	228	632	980	-317	1	-729	-765	499	-711	473	-342	230	-894	335	-455	-653	-743	-519	-379	853	-886	311	420	915	-438	-115	959	-520	-868	-536	94	-295	-507	-634	675	-738	-403	-737	932	632	-415	-112	294	-797	-163	-497	316	-375	432	-295	-63	987	-699	643	-221	571	437	-313	-831	-599	-227	403	-974	21	299	-170	620	893	916	628	493	-401	-404	418	-568	281	-493	-340	-183	-323	428
292	110	611	121	608	670	468	416	-700	870	-576	437	613	-872	-745	-671	37	639	-763	480	867	-313	901	657	-854	417	500	695	-87	75	-932	277	-825	88	-985	438	-787	330	-635	760	-779	747	-7	215	409	-979	259	-962	-621	173	-143	674	-880	-81	-186	-812	-888	302	783	-895	228	108	-455	-67	476	-934	288	-915	721	728	279	-418	108	880	-882	312	524	-74	390	462	-129	44	561	803	219	-838	-674	690	277	-529	-442	178	866	272	991	362	271	-619	466	-20
-736	124	-189	149	86	-997	-116	234	-755	517	225	938	-246	469	271	55	-720	-891	-496	110	498	-325	157	906	-154	-694	-338	-920	898	311	764	-35	873	-362	-484	-686	-520	-146	-580	-398	-332	287	762	-98	-74	987	772	964	799	720	-687	94	-398	201	-914	-694	871	347	615	-915	-965	-831	-903	-844	-863	-136	953	131	46	472	-694	310	-566	385	206	686	-926	274	229	-332	-961	294	884	-736	579	-16	-636	-24	-274	-531	691	944	-499	-889	-888	911	693	-215	-256	-883
-130	-185	297	-184	-955	708	-44	-798	80	26	708	-533	-848	926	-121	270	-226	-204	485	-691	751	419	636	-116	-144	-521	104	931	-355	-875	-107	588	983	-522	-267	675	625	808	-252	216	649	-226	-254	817	-617	829	907	661	-441	305	145	-483	-577	569	761	-114	435	784	-806	-586	960	-358	-805	-390	819	149	536	806	612	644	-381	-226	579	691	-78	545	604	-164	606	-283	-780	-695	-17	-962	442	-285	-604	24	-252	901	-198	746	-207	-254	899	-672	-585	258	931	-623
-563	-49	-463	741	-74	-540	55	751	-490	981	614	-703	218	-522	-594	796	54	393	707	-284	194	197	898	-658	947	-185	-249	-823	568	960	129	672	832	419	-580	272	595	38	431	396	1	-159	825	-524	850	-568	698	755	-731	27	-46	612	593	8	-347	178	-917	346	-597	801	-894	-462	-731	-908	-968	880	-203	-943	176	155	-839	-886	-464	-175	561	840	-630	-644	-932	-616	503	455	300	-143	655	502	730	-871	-188	-34	-177	961	968	703	785	42	953	660	713	658
666	-864	-82	-826	-698	946	917	-47	25	-366	657	-310	-500	-602	70	-480	964	514	-769	135	-516	-304	926	-683	-445	-448	-93	149	474	716	584	493	-381	-70	168	-555	697	951	832	86	-42	35	-443	734	-986	447	-189	-883	-48	-521	-529	120	510	-258	-263	-299	-187	-364	714	374	149	815	352	702	587	853	663	690	833	-477	-487	573	-434	550	859	387	574	-340	375	937	31	-458	463	-8	584	-781	-583	-936	-395	-442	-460	727	645	-732	-507	-410	431	487	961	-166
-92	-377	189	-353	740	657	109	746	179	-930	-700	664	-769	770	329	992	-959	-718	-303	-17	937	814	-764	-612	-725	-412	807	223	910	401	-201	317	564	-293	-122	862	333	-79	-120	680	793	-225	791	15	-241	250	-375	-60	495	-36	-595	226	477	300	-591	-550	554	-355	-79	-530	117	896	551	675	360	739	-944	199	-976	-447	763	768	-878	596	-275	529	-920	-661	259	-962	-179	749	-794	-941	603	-2	-868	404	205	-96	436	206	-890	-521	326	-580	395	-356	865	284
726	592	-733	-186	-981	-98	77	-926	-794	7	874	-877	-932	77	-123	230	153	674	-952	352	400	854	-597	-978	-557	911	937	509	140	633	572	261	-21	-367	712	67	697	570	-70	537	-490	-132	853	720	-343	-706	-148	714	-816	-77	-557	757	-657	920	-244	755	460	204	985	641	700	165	-718	753	23	-266	-839	332	-19	201	729	765	614	864	708	-256	-478	-197	-3	223	657	-41	80	-495	148	-439	-247	-131	-204	-361	-788	-435	653	466	-205	-362	512	-672	-420	376
833	152	284	920	708	216	563	-344	-779	-571	-360	919	-744	-192	902	-420	-41	-793	-718	297	598	938	115	-896	-640	-266	440	-897	-326	-375	609	306	-92	-150	471	-397	-752	409	-748	281	-1000	-205	67	996	238	148	687	557	-785	-362	322	-721	-518	-253	216	-237	-260	-159	266	515	323	-747	224	-644	282	939	180	-800	-951	633	864	871	750	-978	536	541	856	-240	-631	-769	-855	115	-339	-986	-441	798	104	391	-78	551	839	251	279	990	687	512	253	537	-224	-957
43	-851	-24	-842	316	705	-594	-154	990	100	-349	833	468	-873	148	-90	-676	-175	759	69	234	796	285	617	381	710	-740	-264	-916	790	-352	888	389	821	-881	926	-92	-56	-148	-692	930	821	-840	-920	-718	271	-942	-733	-205	717	-431	-533	-962	721	608	-919	975	917	-81	49	-821	134	-825	870	573	569	880	549	333	-793	-886	-154	-279	524	541	-725	-717	-517	504	-318	485	249	990	-191	-470	-766	-133	47	89	939	-911	-957	-675	-999	-849	-339	-148	-670	474	3
-440	-884	15	-460	252	-982	270	866	929	847	-719	558	-898	-605	-883	524	946	475	52	-450	81	-620	270	477	-217	-103	-130	-445	-990	-995	-236	-33	29	-679	938	79	394	-330	242	238	-228	1	-699	110	485	3	425	-307	-520	-686	128	223	517	753	492	176	-372	-44	564	735	695	-381	-57	-545	790	-640	-381	-593	-406	-238	-459	-302	-583	203	247	-71	-653	857	-468	954	644	-997	787	-656	739	713	65	454	-330	-13	792	657	195	-312	453	-263	549	812	-143	694
494	-850	233	-369	-148	992	997	-510	672	-576	837	-680	-919	-189	-335	-922	-146	-798	-347	-110	-827	-90	-331	246	676	760	-337	-406	-200	-963	-942	-192	641	-783	-402	461	191	845	373	146	-326	-737	-717	279	470	-230	-823	-202	-331	226	-176	71	836	-932	-737	-954	462	821	-819	971	-670	656	-186	-22	-383	-22	-861	276	936	553	902	208	-230	461	195	978	-967	708	-331	488	-732	268	399	543	308	734	-257	678	-254	116	643	390	788	295	487	-515	120	400	-727	-618
811	-609	-921	-358	256	-814	-557	-942	88	407	-226	581	-430	962	114	-549	820	664	81	-825	-59	122	-598	-731	624	647	619	-43	-361	-220	-651	880	61	631	-988	65	-781	838	749	63	-541	526	-818	-993	360	981	981	-535	-2	683	345	-543	-380	391	-479	659	678	-247	-145	510	2	662	565	423	534	811	-694	994	647	965	334	877	-914	-568	596	-326	817	-558	114	-407	958	533	526	-453	-622	-577	100	285	-645	8	-988	-508	812	-12	163	900	636	-447	670	236
481	627	-962	-262	474	533	438	-25	222	234	-535	-490	-351	-515	-27	-31	461	-602	166	-24	675	-943	-162	966	62	-361	-412	130	-585	-629	732	-134	-199	-811	199	68	101	-372	649	930	-921	-725	364	974	153	803	967	723	662	624	-725	965	495	879	-729	899	-798	275	-882	-709	257	-184	334	586	306	828	14	-263	113	-395	516	822	641	-250	-94	616	-423	579	-579	677	865	-508	813	311	110	-260	-893	-582	-968	621	849	-79	28	107	-656	372	706	17	-575	-194
256	-760	-626	244	-629	693	-850	646	146	712	-39	-424	-636	-361	373	-997	-775	-854	-500	-971	-906	-675	-811	-784	-835	-444	450	-233	-948	-51	243	-757	816	434	-561	-907	-994	386	-782	308	325	-269	275	169	965	-322	562	-738	959	604	-117	228	791	75	861	-887	3	990	-268	-277	-165	-232	494	614	234	768	-949	-185	856	113	-851	298	-309	-692	-798	809	925	-963	-958	-721	-745	858	-778	-67	-269	-995	-732	-880	-219	280	779	845	-638	-4	674	266	812	-897	-581	363
-603	-399	280	-169	784	357	572	472	-914	161	-751	-266	632	816	-893	-258	-661	-518	-292	95	471	-416	-425	680	-846	898	350	932	107	-635	744	38	860	-686	634	827	45	111	539	458	-713	832	-822	576	605	946	-849	85	-859	-428	317	557	961	-256	970	-73	-16	296	487	-71	-8	-311	-791	504	-940	-321	652	421	365	966	575	158	-62	-955	622	555	750	312	15	572	434	551	635	-609	-556	-666	836	-86	88	-349	63	730	109	427	-895	-82	168	-149	-78	913
-126	-344	-72	229	-912	941	912	-507	215	735	697	154	999	672	950	-144	449	-84	445	204	-865	-731	129	660	-461	898	831	-270	-444	80	376	-494	994	-589	-911	-208	995	458	648	100	-480	-356	-311	715	814	-747	494	700	533	292	-922	775	66	889	823	691	364	-902	297	-93	-824	543	-954	-664	-468	917	183	254	391	402	394	-973	699	-47	-730	-972	552	323	560	-989	931	-761	-191	-768	-568	-484	652	311	374	-894	-838	-482	-138	-707	318	122	546	-551	326	534
551	136	409	750	293	432	614	-819	771	-737	97	457	-295	136	221	290	-467	-202	-525	875	428	-176	-824	-524	882	246	969	-521	-96	-810	98	913	478	981	-220	-891	92	-870	-832	-220	-52	259	33	-978	-475	874	539	-536	83	-215	-683	160	120	582	-996	601	18	-830	-462	192	798	156	73	400	641	939	944	-855	363	921	805	-695	-351	-519	557	-866	7	-258	-988	-840	990	392	948	-411	-950	-522	813	223	383	-141	-156	-766	-195	395	-69	-765	-609	-436	22	-189
-572	96	-627	729	856	-33	801	-972	-430	122	-384	-145	680	-528	-154	-868	-333	-516	871	-678	423	-307	309	284	113	795	-365	185	638	630	-32	607	-21	-278	-217	307	-530	-392	941	-500	494	-422	119	96	-276	393	-83	804	-665	-520	251	180	508	-153	506	791	-677	-966	403	-315	981	-569	555	729	655	729	-280	-790	-379	670	176	-739	-576	767	513	208	764	-19	547	-978	-950	545	-720	74	778	326	-920	-695	-226	-721	184	547	-178	1	238	-187	-258	-863	-596	-576
778	894	-944	-210	-845	-93	-225	-191	938	577	-881	-678	-77	-299	-765	764	232	-108	-535	937	-351	-688	450	891	-597	554	63	26	470	461	-861	-175	-373	-479	-906	605	-261	500	-946	-487	-533	8	843	433	-717	-200	-48	-826	995	-588	-128	-225	135	-434	-453	-395	690	175	447	336	984	208	283	598	-861	-93	748	425	-335	-956	763	186	-786	-439	-265	874	-983	428	-97	-18	-441	-896	-147	-809	685	658	-951	-210	243	308	577	372	930	191	827	967	-866	913	828	-525
727	161	-875	-566	-577	46	-15	566	-988	514	840	640	161	650	332	981	497	177	-893	-599	-704	42	825	-836	-224	370	-144	580	-196	-895	501	-51	932	-118	586	-791	-844	104	10	446	-962	482	613	650	967	-505	-484	-458	245	-497	-792	-728	158	510	529	-556	-8	-635	256	625	-597	353	220	-963	482	100	622	-173	990	157	-384	-449	460	-182	-229	-461	-561	350	-686	-787	-377	-879	250	-55	499	-746	-381	-718	139	-981	-712	240	-46	698	471	-702	938	452	-653	982
831	-693	-998	276	236	408	990	-767	188	486	131	-792	-610	-564	-753	221	79	845	157	-167	-167	576	675	-57	400	-35	262	-423	-569	-557	-534	-753	507	401	221	210	-602	-309	682	64	139	-945	738	510	263	900	801	420	122	-263	-205	-648	-345	475	557	545	981	-96	-299	850	405	-690	-322	678	-865	-892	753	-371	675	60	420	-435	73	961	-748	-502	-819	-810	-926	-141	-969	971	926	-500	-883	447	-101	134	-252	-419	131	605	-276	83	879	586	317	187	-702	744
-780	-514	829	-145	243	-973	-63	-567	-461	393	-238	331	759	854	-490	330	-980	-830	-736	577	-332	190	836	-188	-88	812	858	972	-228	-430	392	-25	-398	689	-917	103	-211	-588	-93	604	-846	-656	-812	-749	-466	554	-632	-110	-168	56	-293	68	15	-152	976	-874	444	249	300	-519	-745	-29	128	-969	-221	578	-467	159	223	551	369	683	-708	576	136	-135	217	955	67	-261	866	-965	126	-928	-353	-228	-177	108	-624	948	-817	-683	927	392	626	912	276	-115	858	465
153	484	-212	-704	-937	-571	787	817	-322	-870	569	-679	-795	-739	-981	-901	594	-546	79	390	-340	-913	893	-387	-121	673	992	-380	-442	823	178	288	-691	555	-382	153	638	-706	14	838	142	-151	371	-428	-891	608	-123	-741	-311	840	460	-791	-981	117	688	-682	142	210	-138	927	581	-26	-588	627	841	-156	-612	350	-372	-403	92	-207	-984	278	325	-364	-341	-643	-39	-402	-638	812	383	136	358	593	-213	652	-577	105	497	-24	-253	-258	-941	44	-950	-6	-944	689
514	151	184	-641	-572	634	544	509	-73	672	363	-6	-344	-636	-159	14	37	-164	721	-674	-42	-195	18	-135	364	-85	156	327	-67	682	633	277	230	491	-5	945	-977	231	-236	220	-117	603	154	-601	415	696	798	-675	-638	-663	838	270	-725	322	-83	479	759	-123	644	-302	-296	737	-188	262	399	-319	677	713	-110	-315	-34	-338	476	906	626	137	724	699	964	-806	-629	-775	-304	597	977	400	-155	-582	167	-812	869	-200	135	-96	-122	838	-276	33	888	388
20	-431	-566	779	10	294	-818	-967	-491	331	-952	253	-508	948	281	-157	-320	337	-878	485	-398	787	489	519	-745	-793	574	717	215	-464	-412	-250	753	-708	-786	-739	126	37	-144	-617	-805	795	441	870	-606	73	13	103	-538	-892	-737	754	-357	822	369	-663	892	-234	202	503	-146	473	588	53	310	-975	-419	-765	-952	-732	571	-493	973	272	-283	898	982	-509	-115	813	19	493	136	61	887	50	-83	463	-905	368	133	-785	-847	658	327	-326	395	-379	678	-411
292	679	944	547	-791	367	951	-524	175	654	-717	-485	-912	-372	580	23	-718	-584	-622	268	160	459	974	871	-87	264	-419	-30	140	266	132	-143	-772	-198	-583	-217	-731	131	667	608	859	-683	654	127	-359	166	614	-513	100	862	-77	964	58	274	325	627	-357	-23	-71	-989	-556	-197	-436	-76	456	-364	-823	-40	732	841	-376	563	227	-117	-939	-367	569	437	-102	-162	-334	-554	-730	-289	259	-604	-551	853	210	498	-500	910	-472	-654	516	397	-60	-249	697	-107
165	-747	-914	192	282	131	97	-610	449	-453	756	-3	-480	465	227	-844	-227	437	-67	-816	448	319	-423	-680	615	874	-812	-269	-893	922	23	-856	152	217	942	988	-678	856	259	628	909	-964	812	856	-618	451	644	-146	-728	241	477	-123	-630	-689	-688	616	-441	657	-254	-42	439	-462	644	354	67	81	-186	-257	438	68	355	-979	-956	-886	-397	-868	723	612	-517	44	-930	768	226	806	-459	449	-680	270	930	342	-547	-635	-155	301	925	-807	-863	-977	368	777
155	-17	943	234	935	584	912	345	-447	92	-142	-326	991	195	29	-887	291	-203	111	360	663	107	-326	744	-960	149	-795	-153	-730	992	-751	985	271	-643	663	52	-485	-539	-985	753	-869	787	-429	68	-718	754	21	-930	-569	-183	774	325	134	-76	847	-452	-791	-415	587	970	737	605	164	134	-360	-946	13	-210	-697	-521	-417	876	994	-946	570	991	324	483	140	993	799	700	-699	-955	-660	-49	258	889	-824	48	272	823	-912	437	-956	349	-627	747	-993	702
-214	404	904	-607	177	936	-114	-254	-98	74	557	-841	-488	-309	-553	-78	-946	675	251	-933	-432	368	-421	548	-183	523	296	-132	-295	569	846	-176	915	261	379	-361	-255	-367	-137	684	-399	-119	-305	-162	-320	-495	-218	362	-64	675	247	993	-535	-560	-166	-611	-530	279	364	788	-742	744	74	143	-949	79	981	-593	533	-846	-332	936	-219	799	-397	690	-963	-493	901	295	327	216	-925	988	-819	316	880	499	89	-158	340	-338	-164	-350	-393	-371	451	851	-418	509
-282	9	790	564	-700	912	535	794	-337	-300	-972	787	-5	-170	-251	559	538	-406	-748	596	785	905	-953	964	689	-892	530	825	890	839	-750	-653	-70	496	378	223	190	-622	-279	713	225	439	-279	-145	716	-54	-105	-747	60	200	-108	-660	278	-625	-616	703	627	-176	673	-960	-443	165	-64	-954	-990	-653	-313	664	-740	450	554	113	-220	794	828	630	-798	213	332	-28	302	464	394	-164	128	631	652	481	367	-289	762	937	-115	8	-707	89	472	582	-628	-478
-308	-689	-19	-624	37	264	186	803	569	-470	-929	352	-162	-530	10	565	-64	-657	981	401	-296	-925	-144	790	-962	-722	54	641	-489	-993	133	402	762	544	909	748	375	447	618	720	-347	738	-201	-168	-947	-580	164	670	500	969	-552	891	-444	912	945	30	777	-614	-290	754	-938	959	114	640	155	123	775	802	748	36	865	-300	891	-759	877	-232	184	-539	701	-98	-888	-299	384	-308	-472	-734	171	-487	862	466	-762	-837	645	-741	996	784	-286	-561	765	300
-781	488	-428	-158	-842	-721	-739	-548	-186	-257	122	-249	-174	868	-526	122	-909	839	262	302	-121	-75	572	379	-515	-767	-299	-683	202	-269	146	-427	-49	-884	-911	514	382	702	274	-807	617	-555	817	937	-10	-655	-506	-945	117	341	919	-319	-535	-891	-335	147	674	-501	12	574	-133	659	-995	-83	-536	133	186	724	172	-633	-879	819	-716	-688	841	837	107	271	-363	292	-358	303	728	-590	-860	906	126	-486	-198	657	-308	88	923	-646	-422	38	445	-991	567	434
-74	-166	-805	-30	-959	440	487	820	-970	-569	411	-101	-392	-88	241	-900	827	957	115	-755	977	994	403	-172	-514	-191	-288	-598	445	947	739	-77	545	-729	113	465	740	396	884	826	195	-653	-713	-239	191	-515	-11	-460	38	-333	-735	-391	671	726	366	-655	284	797	-658	-528	-222	31	472	914	76	783	-664	-966	-906	210	-480	597	188	393	-631	-325	-63	178	-742	-645	66	-593	829	-809	-142	-749	615	484	-839	-3	-764	-613	542	-384	-848	550	-167	134	940	-726
77	910	-304	-127	-54	-610	504	8	-587	547	-281	639	164	-874	996	-732	-73	-113	430	-415	127	-142	951	187	710	344	155	-55	949	-167	-834	531	542	822	313	166	-644	432	596	226	-742	610	713	-902	108	748	679	985	-200	296	219	922	-212	111	-385	899	906	-865	926	-127	-910	-444	-4	673	993	302	-786	-982	-426	-822	-546	-884	165	596	141	232	456	-557	341	-53	-223	-562	-598	117	813	-430	-958	176	588	308	572	904	11	-107	-381	-1	-700	-699	815	320
447	-578	-127	543	-595	-820	909	154	-113	548	406	-891	-736	-618	126	49	113	-65	-948	-822	-664	249	-629	-432	606	398	783	100	221	546	-124	211	564	394	951	-413	646	10	856	-605	605	-115	823	846	556	-69	-465	-643	-725	-275	464	-437	696	-131	186	-819	553	-564	295	606	856	-123	-72	-264	-157	60	417	-763	297	-846	-262	482	491	231	-926	526	952	-406	-63	-848	-612	-85	103	-297	818	-477	25	-295	38	-161	206	-87	873	922	-334	-152	-686	910	751	606
379	-143	372	294	-13	-641	-204	54	786	-415	-681	-106	377	-679	399	743	-565	-911	-899	814	-574	956	-658	133	-843	95	-269	419	-117	-465	-471	828	-650	836	-383	416	508	986	213	840	378	848	610	-885	-418	-69	-416	977	-199	557	-604	985	-295	406	-331	308	-699	13	263	-297	-386	-176	697	668	-516	-694	951	612	577	249	827	-44	-89	-815	572	309	-70	-692	-841	520	809	-814	660	157	94	163	952	-290	-300	289	438	198	-878	866	-442	778	-564	669	-220	-181
136	816	214	866	61	-207	-210	-2	559	-575	-894	801	670	-163	-234	-323	-729	36	-437	404	104	884	288	655	-561	-789	-342	452	430	-152	234	620	-288	-500	487	886	51	562	646	52	-693	464	896	632	57	-948	260	164	-6	-220	493	-471	172	-273	266	-174	-880	47	-621	-304	775	643	366	828	37	461	-319	541	-513	-971	29	-619	-792	-524	794	898	930	-370	558	-213	-828	-191	-619	134	765	839	446	384	56	266	-835	-121	671	173	-709	201	146	-767	-356	640
645	615	-635	-657	628	388	257	623	289	766	162	-135	466	-841	-703	-70	-297	-536	-757	337	-408	-843	531	-634	-826	381	781	-558	208	-499	-101	-601	-710	856	822	-1	-296	-491	136	-777	359	832	728	554	422	840	868	330	-92	994	-102	-998	-920	670	-46	311	-578	-958	146	-244	392	-295	174	-675	438	-7	-993	-195	641	-181	630	-203	-357	775	-666	348	-915	33	791	-681	-513	-928	-655	-343	-38	-742	-277	-99	969	-13	692	130	-651	-758	568	638	427	984	16	-511
-610	-152	914	-630	315	508	299	-880	392	-722	894	-590	830	555	-540	365	-901	-234	783	42	-322	-924	540	90	947	920	-382	566	123	622	832	918	-860	-141	-107	65	512	-821	553	-93	888	656	644	-329	-570	-514	549	307	-11	-935	266	-15	-875	-981	692	417	88	-16	700	-56	777	805	385	-701	956	325	195	-925	874	-935	-974	-66	-110	-231	8	677	-726	849	365	-285	-330	710	-109	-763	621	-221	-89	-153	403	255	779	278	-127	-45	604	-962	624	961	-418	547
-490	-69	-494	-576	-844	-898	895	-230	557	167	862	-351	-478	252	893	333	-651	534	83	102	967	-954	507	688	-434	914	461	731	-983	112	-728	-942	890	774	641	-607	-986	-640	-166	-468	140	-229	-101	460	-675	949	-592	-641	826	-798	433	42	335	-301	-312	618	309	-442	577	815	-437	741	448	-692	429	785	743	614	723	-455	-748	669	81	-847	267	-423	-245	475	174	197	625	-70	876	821	762	477	-251	683	760	479	175	-820	-552	-839	56	86	904	-145	-591	908
-81	-399	-194	738	-408	364	268	497	611	-247	-174	-249	-146	752	-60	-465	399	-896	-856	749	-703	441	-818	610	-93	-113	-578	829	-995	332	509	-518	-882	10	-54	-586	-534	410	-28	501	-944	471	-463	489	-826	486	-369	164	-453	-528	53	-13	428	-939	550	-646	550	218	323	-960	742	-563	492	617	-566	630	-367	919	-914	683	-822	-820	-246	267	-209	-289	-221	475	-674	120	342	-386	-334	827	314	233	-100	161	-546	320	-380	-448	-757	34	682	-813	954	900	-419	-774
111	92	-568	-713	764	-277	859	-486	949	-526	485	313	393	370	392	-296	-72	514	-112	913	340	729	939	-291	-83	-124	719	-317	203	611	-657	610	-655	-480	-720	692	-460	31	459	-84	-490	585	-337	-762	38	-83	-1000	892	-81	453	-945	-119	620	-239	412	590	159	529	-182	4	271	936	-687	-164	-90	268	-914	-525	-588	734	566	157	-600	-264	-805	167	-660	678	-338	780	342	-360	129	984	-789	121	-952	34	373	862	55	234	483	-739	645	543	613	-721	-995	816
269	-69	357	-857	57	498	-908	878	-417	299	-260	-260	-934	251	29	-391	103	401	-661	-327	268	264	-639	735	191	734	561	983	28	253	417	874	480	902	210	797	-772	-749	812	521	-703	-897	228	545	-304	723	-998	770	-906	972	-56	190	-600	270	379	163	-989	244	327	819	-95	-931	-729	-59	965	255	193	-331	771	130	925	760	435	-668	-754	-818	697	397	268	-774	464	-499	825	861	513	-942	-779	87	377	-399	-626	933	403	268	839	-348	-983	-465	-430	484
322	-182	-46	-680	-697	-629	-549	859	769	462	-966	651	20	173	-981	803	485	-993	-955	554	102	530	642	820	-56	-799	-124	-652	-73	-247	103	34	-218	987	717	780	329	530	-903	-975	243	367	-124	795	-555	163	933	-914	-946	101	727	-454	58	696	243	-917	603	527	789	-66	526	100	-609	408	582	310	113	956	-310	493	505	274	-889	926	762	-395	345	-372	-382	25	958	486	-92	-501	458	20	-55	-231	-676	590	594	592	-600	-348	157	-988	702	531	680	480
-37	-435	965	50	210	-257	-608	-145	-159	-860	15	597	249	-27	-267	-985	502	491	-207	-570	-777	-350	-182	-979	381	-683	148	-254	578	438	244	-378	641	-166	-878	-492	-742	-411	-761	-953	927	546	554	776	-970	464	574	939	667	864	-978	-946	676	-991	-885	-765	40	197	409	188	9	-216	511	760	-917	371	-152	677	136	-580	-418	-328	421	-531	-444	-731	909	179	-445	571	-84	643	810	157	673	-385	-167	130	-439	-673	-178	-318	-456	-231	528	-173	-540	790	471	85
-949	-768	-797	-475	-742	-388	856	493	933	-149	-340	-270	-927	-843	-532	-361	322	14	-381	-715	179	616	993	-314	573	655	318	123	-636	686	549	-625	-34	475	-378	-879	-59	-681	159	-141	-650	805	289	416	310	252	-891	946	-311	936	94	-958	-799	121	-699	-379	115	884	-780	-527	-417	-633	675	-488	791	576	650	-995	669	-604	604	-411	780	-756	940	527	-181	-199	835	101	-966	95	929	174	877	-227	810	-995	940	-453	-959	-150	747	951	713	959	-941	-954	576	-460
-447	-420	-616	412	93	915	347	-913	-590	-240	-964	-986	-239	55	894	-782	-87	-499	-830	-103	-64	-138	800	-514	-469	528	65	336	-893	-724	782	385	-169	-743	-168	-25	9	-233	899	627	612	153	-287	825	215	-28	818	-845	456	-849	-270	-554	-894	-586	-562	350	-418	505	-396	-95	-669	-883	-88	315	-172	-730	-668	-21	899	-659	-484	-311	-256	-931	50	866	689	-771	-875	383	-457	-376	-957	825	239	-326	838	-383	-158	-814	-965	-49	589	718	-377	850	-822	-60	661	995
224	-310	-198	300	-490	-591	232	359	-617	536	-850	986	-86	789	294	930	-833	522	94	316	-392	297	-937	-798	-852	-104	-490	-555	969	-941	-38	379	-555	87	-486	-502	346	39	-798	289	-253	271	845	950	749	-577	749	-315	-384	810	-763	-629	105	-505	-862	-571	-818	6	946	119	336	978	-264	-904	179	621	-699	-925	299	-816	514	248	-14	263	277	119	-905	575	-860	-485	688	979	110	-408	-292	679	-526	-471	-31	-90	295	-32	600	-666	545	846	981	-118	-694	946
-533	636	-149	192	-968	391	66	108	-752	907	518	109	781	-166	14	-334	872	-509	799	-406	-681	630	-869	826	374	578	-735	612	248	51	686	-736	254	40	394	-228	-867	401	-835	-905	-68	-537	477	-300	479	343	-110	638	159	-818	-984	652	66	56	-436	-669	-798	-828	-939	-484	933	612	-328	954	-623	218	-852	858	-178	-95	94	-840	276	804	-227	-499	4	-815	450	-238	97	-538	-172	-829	-341	622	-824	628	-294	62	-315	914	612	769	625	-848	167	897	623	-20
371	-215	886	963	700	628	-588	228	-900	-679	381	78	-407	-267	144	424	167	370	779	849	-123	884	915	-860	-386	618	97	152	869	451	-608	961	54	-978	524	-509	168	-774	978	-742	254	708	-529	268	576	-550	-758	187	-177	368	-358	998	945	-229	-907	501	426	-50	76	-922	-711	-781	-677	-738	-2	-460	-10	-479	115	-464	548	689	264	986	459	-399	-815	384	-272	523	176	-840	-961	-460	-869	-938	128	2	808	562	-99	809	82	113	922	-142	-452	-180	-600	-784
-749	-630	828	600	-261	566	-956	-757	-92	-667	315	346	-954	316	-842	-167	-876	729	-458	-431	718	165	-602	-333	-21	-331	-442	344	576	873	-701	-984	-741	716	-106	-383	136	242	-805	-797	-445	482	-440	-733	21	703	716	169	-678	-815	-319	676	-265	-271	-327	-858	278	-182	-328	549	308	-258	792	677	-862	770	-183	279	-300	-733	304	204	-395	867	779	899	-597	20	24	894	-932	993	284	457	-910	-25	-851	334	100	-968	-414	-630	920	-835	558	-35	940	632	-427	-650
-401	29	-515	-169	-555	863	108	280	-398	899	-45	374	879	788	-597	-471	-105	223	457	497	318	184	214	616	239	674	-160	283	140	-309	-636	-760	304	531	509	356	512	115	-837	-737	-278	372	-611	-310	198	695	626	-757	-255	571	-618	405	544	918	-85	1000	-731	-836	141	-713	-919	348	888	161	99	645	846	-556	951	671	245	-241	659	-926	42	-508	497	382	799	533	56	-974	727	-389	705	761	-60	-280	813	456	-185	654	53	62	-248	-13	-370	545	784	-592
-546	45	-225	-785	118	-875	792	677	79	213	-759	-431	-416	-476	235	539	-976	849	-820	-286	-842	857	489	-132	363	105	-834	729	302	-679	760	-882	432	-16	-256	-130	-746	-157	838	650	109	-771	-943	-207	507	-686	721	-68	-969	-948	530	931	667	921	708	-560	245	-54	19	213	490	-203	-909	-447	-551	730	727	365	575	9	658	342	90	-347	954	513	84	-462	226	-243	656	-845	760	11	245	886	816	409	699	257	482	631	606	657	93	210	-516	720	-460	894
-362	614	-748	-62	156	-609	-785	569	-354	888	-530	-60	244	-287	322	712	-887	724	257	-862	-986	-270	-676	345	-455	527	-442	-495	-845	-490	991	631	176	-973	-289	355	243	-712	-267	89	-300	-570	-689	674	-863	675	-180	-694	-193	-517	122	-117	651	-518	-833	-511	-728	176	950	-598	-394	333	911	23	392	-328	241	-301	-419	-483	66	757	-716	494	-466	-43	-161	-859	511	252	-587	822	-635	-168	574	-701	-739	-174	420	439	-320	566	420	-86	827	983	-989	157	-943	-75
-718	988	476	59	-129	-60	-926	-168	-637	380	-482	306	-389	-215	-741	-159	-941	242	-511	-944	-477	-821	52	-959	280	263	-294	-782	83	911	199	-939	549	611	-994	61	-809	373	111	291	-211	-766	-453	-325	-886	375	-919	-629	-989	949	-321	420	689	-274	-660	715	-678	110	972	-996	178	-385	57	-963	-549	703	-44	672	32	-303	86	394	-447	774	-341	707	241	793	473	-928	-729	124	755	-211	597	826	251	-706	147	-825	462	-30	-508	-90	-179	-772	-396	63	-827	426
-788	843	-138	589	-388	407	738	-841	-898	-346	-401	558	-618	107	-39	-648	-835	764	593	-187	-678	176	799	635	250	-418	-25	-278	-253	-500	381	73	449	52	458	-371	325	-502	899	-41	228	-630	-204	920	178	752	184	825	-511	-464	112	-298	-886	-650	804	-722	795	827	-423	-66	-776	843	-46	-950	141	424	-138	-259	821	-824	-229	-675	-926	834	264	480	-458	27	486	295	-215	803	-467	-167	486	-644	-178	928	-76	857	8	-759	-346	-970	-213	-688	-271	512	-32	889
-707	92	8	-42	566	-551	-719	24	887	75	-979	652	277	-18	-13	431	-849	-494	698	-481	280	682	334	632	931	91	-758	-983	-683	515	324	286	707	-964	461	-857	900	91	843	-972	311	250	-305	-283	-73	-564	533	-678	948	-711	-41	-894	-30	550	906	501	184	416	82	-616	423	470	33	896	-930	-608	293	822	-238	536	-127	716	-643	-352	-655	-587	-226	-522	-982	133	-412	933	394	856	-760	97	639	611	112	616	-852	-443	328	656	-66	579	948	-844	-680	4
208	774	787	564	663	-538	291	-935	-277	474	-504	-101	-844	301	-719	-680	-754	767	-551	454	556	-244	-61	-782	-779	628	-209	248	138	567	-967	-499	-377	53	-33	-906	-25	-78	-727	-37	-687	-45	-451	-660	564	542	-452	444	-538	806	-762	-339	-517	868	-226	580	865	-633	821	560	821	421	949	-35	609	-926	503	-684	584	-881	959	128	-499	129	-348	-525	-900	643	-715	-694	546	223	-542	903	-973	584	987	-38	-839	835	180	-315	515	237	-593	916	-800	914	195	-464
-414	-557	989	168	-627	240	92	267	687	777	-759	510	-912	81	-147	804	796	412	-881	151	-290	106	747	-268	170	-621	599	-901	-140	-209	646	-185	-816	974	500	-475	471	-99	-572	819	-370	329	496	-118	-75	-867	325	807	-612	-790	686	-743	-507	-860	-837	219	-935	573	667	314	-868	-428	94	-317	-364	-275	5	909	560	-941	-821	986	251	38	718	-655	811	314	787	-696	-622	-823	504	409	838	-583	-309	-515	566	476	125	-983	-131	715	746	-711	778	-609	518	-738
505	631	686	-723	-683	-745	322	-176	838	362	53	960	-499	-458	842	446	-58	-727	-83	274	-853	834	44	481	255	-284	-914	-449	539	-286	-655	-336	224	651	-519	-178	908	888	93	76	-293	-649	-149	198	-789	486	269	-975	-431	115	501	-896	402	-12	931	109	604	-663	475	-792	-266	-738	-44	378	-653	573	269	-217	-108	725	-702	214	106	-797	-985	-942	447	455	632	-403	-613	-175	407	470	-887	-128	612	-963	664	-953	190	401	583	791	971	-796	-740	-352	515	479
-864	87	-158	-803	934	278	620	17	124	82	-725	878	687	-854	423	513	368	-540	658	52	-508	-36	-441	-258	-966	-787	-290	481	43	320	113	-333	-913	-978	728	970	-216	-437	-91	176	368	704	622	896	211	-6	-552	477	-644	-106	626	899	-305	954	-676	-996	850	832	-390	-558	705	805	798	400	391	-529	810	191	-781	-384	-625	-775	736	-491	322	-571	-360	-801	-864	609	-646	-868	701	-155	801	-726	228	-204	-601	82	-196	-44	159	920	820	338	-73	-683	750	-108
-859	921	399	415	-779	-897	-284	-323	-632	829	-842	-933	450	640	679	236	-179	733	360	674	95	-286	-828	486	62	-779	-491	1000	636	-660	673	-590	-45	339	930	-323	-615	-10	-159	729	99	-52	219	-557	422	-681	-962	232	-89	-798	543	-502	879	-92	517	225	411	147	-20	-238	-518	127	398	550	160	6	-692	-34	832	256	831	-254	433	135	-914	-914	-697	-695	907	-265	144	907	-116	-533	620	261	647	-592	-908	0	-698	267	333	-557	-537	510	881	-243	552	846
-401	7	519	659	-559	504	-824	928	-849	462	882	-933	-513	335	903	-526	87	-694	974	-243	-174	913	522	160	593	831	378	-747	178	574	525	-180	344	-528	817	252	-565	-889	-938	646	174	377	371	521	-183	756	630	-155	772	-270	339	112	600	-815	508	342	-567	402	-362	-134	43	-40	-858	896	-911	-395	-160	416	-714	143	535	-193	-516	297	590	-207	567	208	261	305	513	170	896	788	273	-112	-102	240	549	-708	-513	-145	237	101	-557	-526	-247	323	492	-420
232	-190	-169	-19	-437	761	-1	733	661	625	602	615	-813	72	-247	-741	-109	536	622	662	-915	160	198	46	-146	-686	-68	-666	618	-534	973	-646	97	833	863	-617	-723	-512	-684	627	-515	-417	362	347	880	-954	-937	925	148	-231	467	-363	-967	-251	688	-49	114	-288	562	107	-564	-531	-764	-810	683	772	963	-163	556	-658	982	943	-855	892	101	-708	-626	-216	-257	-638	-803	814	-153	-973	37	307	-789	-698	-744	-272	338	-607	454	203	-974	-344	892	280	678	-14
855	724	469	-619	352	403	972	-781	-415	588	-771	-982	-955	-56	107	540	172	251	325	-803	687	-697	-337	451	179	974	-769	147	574	803	-203	663	-635	-965	807	-558	815	30	-723	-235	-945	566	921	940	-631	993	251	-354	-777	204	72	-211	813	1	204	-145	181	-846	269	-985	-948	-780	-533	886	900	104	-497	-801	121	-632	-166	491	-471	652	762	959	-796	528	-839	967	-977	791	-807	760	663	-72	-230	-260	219	-373	-691	1000	635	586	516	-245	644	-307	955	-353
-343	-402	-129	-570	485	-739	158	-63	-19	-138	119	90	274	838	-409	796	668	-584	-77	670	-592	883	522	40	174	-668	471	119	-321	-459	-316	-400	-664	781	-26	-839	-583	331	896	10	561	-597	817	376	-624	4	342	168	-565	-285	611	-893	-945	-693	638	941	-700	-685	-491	-189	-87	37	923	-277	-915	42	-300	-590	-161	-270	-237	93	-826	-164	-659	-910	703	280	768	-806	159	-356	-64	977	87	120	-15	221	627	-890	158	-71	36	-446	187	199	889	-286	-866	-852
592	148	36	-599	-54	-963	922	-65	-720	552	-620	876	-231	828	-662	575	-353	24	683	55	-381	-57	639	556	-699	-634	644	-197	191	-601	-679	-878	509	627	-590	250	-745	784	918	-15	745	364	780	-669	685	-155	44	-566	879	-141	363	875	487	-980	-278	-991	-528	10	-573	187	115	736	-856	-449	596	-924	170	-697	-671	-247	145	371	-416	278	512	378	335	-906	-14	473	397	-484	-571	687	-363	-952	645	-89	-348	801	217	997	931	-395	158	-564	251	317	290	736
1000	-429	688	880	421	104	223	190	610	99	-301	747	-638	307	-194	-767	-654	-979	587	196	-131	-730	-876	228	263	-358	179	893	-907	-197	481	-515	205	-687	564	-941	186	58	985	-854	-626	-861	250	506	-935	629	-71	114	233	-880	389	750	817	-39	861	12	-700	-326	897	847	153	-775	-592	-672	-20	745	-282	-570	850	885	-410	396	-26	-662	813	133	702	-245	-571	278	65	889	-628	210	-994	1	15	-940	128	-369	-255	-949	693	139	108	761	-734	-553	-381	848
-334	-223	256	738	254	-529	186	-429	948	-754	-78	-108	896	71	-897	-865	516	-816	-345	793	664	778	487	231	174	-396	-758	-132	294	192	236	511	-822	-555	983	79	-538	-513	220	605	-145	-939	-302	77	-928	736	-111	416	605	-22	-858	234	-469	-127	45	36	237	165	917	476	-840	-377	367	502	137	-822	766	419	-884	-938	317	729	-411	-988	-473	716	-390	198	-926	-402	-247	382	-376	-17	377	487	-942	57	54	-324	-816	-416	-164	-337	89	-564	551	-720	-686	155
-724	617	-125	615	-7	-702	-925	-73	720	-580	152	801	509	-336	-202	-178	-60	-840	260	-432	-395	-680	-693	-797	-408	-111	-731	-704	-500	-12	654	717	602	-828	-141	984	-343	-161	955	186	751	-179	-731	897	993	935	121	-672	452	637	-37	962	67	263	250	905	-192	-793	201	300	823	-786	-24	-255	-442	-901	961	-230	-377	-9	786	955	-320	-444	117	43	-957	130	20	878	-404	174	-150	-126	646	153	860	707	120	-524	-575	738	409	631	-8	832	-814	-768	-191	85
-874	987	106	-1000	-254	-160	157	124	-208	-473	-680	534	-833	887	-523	-413	-255	849	317	-999	-165	-64	214	114	-846	934	529	-241	571	-783	717	-668	-398	845	430	-549	994	-42	-236	-969	-181	-837	247	-121	731	-147	736	-588	612	-274	230	-195	875	-258	382	-584	444	405	588	861	595	467	-167	-122	-770	-764	-964	-381	148	-118	240	-521	-949	359	-503	343	81	-704	363	842	-304	-11	443	43	511	649	-57	-125	344	21	140	-539	428	-904	248	-22	-896	284	227	249
-304	-44	788	485	-806	155	39	248	-851	-389	800	-622	-199	143	802	703	546	-393	-392	275	782	833	344	229	885	-51	-538	369	736	681	-943	-938	-674	210	658	627	344	-221	-693	-19	256	-963	813	70	386	-4	-836	805	-365	922	-679	188	830	43	23	-981	-964	764	-826	539	32	358	606	608	-167	-649	817	-372	393	615	727	-474	141	-419	503	-114	22	389	-969	199	-647	906	-85	323	-961	865	-446	-785	-261	122	969	-659	814	-523	-479	-341	32	-517	549	353
452	-526	-847	907	0	58	-933	508	-883	-732	-617	-290	-437	-672	191	-692	615	-728	-440	405	-588	631	715	241	-260	919	151	584	292	-98	935	-582	321	-114	45	-867	-511	559	983	689	-214	-744	-186	471	751	-886	-704	-622	-767	387	698	785	-247	-518	-757	6	-396	27	646	765	408	-829	800	-72	-508	-407	543	-19	-294	187	446	-569	-363	-504	-529	68	203	91	-238	-769	-666	817	444	71	549	507	182	-651	-700	-352	777	83	838	708	-519	-73	-951	335	-8	678
-73	-519	25	136	-992	799	624	-578	305	887	-742	830	-643	900	231	-718	991	-868	-321	311	599	-146	-472	122	-795	54	802	-913	-494	968	-44	537	-904	-433	-800	502	-267	321	201	330	9	155	417	319	-918	-373	306	-308	-199	851	-993	-974	-448	-911	437	-595	166	-262	-44	-332	130	-310	-186	322	-802	229	-723	739	-577	22	108	-403	825	869	-400	284	-166	973	-466	793	129	876	-981	-382	-207	243	233	620	-972	-301	-442	55	-789	276	-539	724	472	604	-202	173
379	64	-136	-425	-500	604	941	197	548	769	-409	-500	-434	-700	-884	-523	647	-491	612	957	750	245	-935	337	-41	869	-649	307	-599	760	82	-680	303	824	-143	469	781	-220	489	410	-248	-643	665	-467	-265	922	547	-81	151	-565	223	231	-170	-581	842	734	-806	66	346	464	-945	165	632	689	74	919	178	541	790	-221	-408	546	61	477	39	-967	-506	-768	346	493	64	923	746	-620	661	834	225	-74	958	486	-326	-191	615	7	97	-761	-306	-464	-632	-416
-252	60	-134	-951	295	860	453	-531	289	748	-558	555	235	993	706	-174	-443	947	569	847	278	-930	275	624	746	-917	-153	679	-420	466	814	-897	459	-782	61	-313	43	-778	347	911	448	-689	-42	-98	711	977	958	-745	-382	-308	583	949	-392	454	206	32	161	-837	-194	-841	25	464	659	51	-27	-108	-776	762	-5	176	-531	-639	435	628	674	202	-488	92	-781	375	-138	704	-496	-403	-995	875	940	-846	40	-740	-198	33	-360	-312	-551	512	222	574	-679	-186
487	508	56	614	-805	486	782	-133	298	429	-958	997	-382	91	226	555	-433	-861	223	354	-173	66	582	220	-767	-308	285	386	377	-883	-388	-831	-488	678	-925	-689	-625	990	-190	652	896	-778	888	748	-871	-781	621	467	-933	-872	59	542	895	-445	-101	-752	-494	-46	512	974	-355	182	406	-8	828	665	-252	240	889	403	-407	-139	735	-983	-452	-477	-618	581	159	-207	178	332	-235	231	755	807	216	-141	-966	529	56	-764	751	-202	376	99	-817	-270	-322	-25
-12	-771	492	908	-400	831	862	-265	-999	21	489	530	976	-134	-564	526	-335	208	860	-453	-365	380	-146	-12	-727	478	-25	96	-12	-724	548	-711	203	-724	809	694	974	-808	646	993	349	762	-324	-270	195	-440	-645	-810	792	530	-367	158	-714	-88	103	-283	976	-744	-43	-459	157	-94	920	575	-913	653	307	607	-36	-585	25	374	-411	-17	551	211	232	102	-748	-553	586	433	229	-198	-284	-369	-99	552	198	-526	600	-963	-614	-433	-210	941	796	-782	856	-119
160	911	3	-196	640	478	-260	-161	868	-257	-917	51	-307	-379	503	851	-17	-530	397	971	918	851	169	-750	399	146	-374	486	784	-157	-263	-197	-126	-915	979	-847	185	50	-193	-386	-830	355	352	407	-907	764	-621	8	656	505	-351	-443	696	263	945	248	798	446	-63	190	-790	418	297	190	96	-546	-487	-30	231	-362	-514	-687	-697	909	660	777	852	350	-221	-794	839	8	-42	765	918	-836	977	-859	-123	-339	329	651	-620	-914	-609	-830	-246	-123	858	-544
996	654	83	873	-921	-466	755	381	-186	739	-919	-11	-994	-249	-939	800	-207	-790	-169	-11	810	259	-874	-448	288	959	-969	776	829	-896	851	677	-573	916	48	286	963	-214	-757	704	-238	-363	567	-920	122	-9	-874	727	272	54	-792	647	-285	770	-436	-646	66	-976	166	-84	613	204	320	663	-434	441	987	-252	982	77	-406	-953	-556	-770	-442	-338	-613	553	-191	53	-379	-262	-65	14	-728	779	152	136	-77	647	-500	-727	-78	961	884	-91	-388	617	93	338
-877	-188	586	495	-157	941	-6	-9	504	-547	-819	811	-284	783	-819	-535	288	-480	-989	459	-707	438	-963	-432	573	-584	-927	-688	-102	850	886	-693	-763	-764	993	-638	-976	284	56	-703	-565	185	-531	555	-66	-522	293	-206	960	702	-959	375	-30	836	772	321	133	-362	-798	-436	-195	604	929	154	290	-256	-203	455	888	488	245	712	282	-67	314	636	702	-219	811	113	4	319	-651	604	-145	938	-718	-588	-472	247	238	-346	-571	-354	711	-941	-272	903	311	-412
-856	619	-986	-965	585	744	-762	854	697	-690	-753	896	-348	792	772	1000	-647	420	720	-180	-320	-728	-448	418	-3	-153	-445	-509	120	186	-265	-544	-773	159	-998	283	969	107	-193	-464	502	908	-279	-94	948	376	193	971	749	-41	-510	-409	-963	534	-122	-756	312	-279	74	-164	-784	88	405	-755	251	-764	167	847	-202	220	579	34	260	579	214	-604	-280	581	302	-42	-874	680	-641	-282	-200	-558	-980	-160	475	243	-315	-88	-890	66	517	-898	-875	736	36	628
546	988	-286	-977	657	750	-186	294	68	373	779	65	14	473	-235	214	-628	-744	867	963	139	264	104	761	118	708	599	-790	383	-666	485	43	-725	309	875	-468	316	-160	-866	840	661	870	835	-625	151	771	-920	944	292	639	-783	-718	-40	-617	-916	-366	78	-306	-751	-584	712	-134	-253	879	-639	499	-152	458	-709	-482	-881	-957	809	509	-745	157	-10	883	-29	572	105	-16	970	72	149	-236	-567	-811	435	348	-271	425	790	-508	31	44	-947	-628	252	334
-224	378	-760	-950	-498	749	-757	-748	989	-118	62	197	751	-766	969	-637	-455	-172	-865	-847	-728	-9	-368	-483	-9	912	-560	804	-454	-113	339	186	-444	-584	821	-598	-685	74	-164	733	235	210	491	932	717	-964	176	-751	-517	-737	-816	-541	256	44	-650	293	-450	-186	558	467	132	-788	-678	-674	722	-968	-595	-459	-10	627	500	769	-917	-210	988	-749	590	-517	-949	-103	-487	72	483	979	-586	617	-930	326	-560	-298	-620	768	261	765	-529	-994	-4	848	-235	584
-414	645	-96	513	939	-618	-149	909	-483	179	250	-905	751	-457	333	712	-242	-458	-865	371	107	-482	774	742	117	786	-389	-663	666	-608	945	-9	-44	-33	-419	-780	-987	494	-648	113	282	-788	-939	-207	766	-510	716	-546	663	-683	-485	-367	-866	-916	267	-530	980	145	60	-768	-890	977	-697	-650	-535	-376	-515	-344	-187	-196	-308	-647	-868	265	800	366	-69	-215	-999	789	105	356	905	661	-722	-612	-87	583	-25	-163	346	-70	884	228	262	-894	-952	304	-831	244
