-227	297	-233	977	-378	-642	-863	-517	302	590	747	-367	-684	462	-961	-553	76	-81	536	682	-826	-56	720	495	908	503	-547	-739	-580	483	-59	150	728	735	-390	-115	719	-158	57	-536	370	-207	-572	766	-381	-622	-136	-386	139	-179	775	285	-382	896	849	-910	-240	778	691	771	226	490	795	833	621	-150	209	23	595	-334	472	-515	479	-445	754	-310	-504	-430	15	-630	-680	571	-481	-179	755	-958	-765	906	970	-395	217	-409	340	705	159	568	-829	-83	-357	-596
-507	-788	699	48	836	-566	615	179	824	-192	868	-878	704	368	-105	702	603	389	-180	491	96	618	159	531	436	-381	-150	-448	559	-545	769	441	458	526	-575	-838	-306	-664	918	478	952	-691	-505	-430	-554	637	-132	961	-566	-181	424	708	-347	-633	-670	381	-54	123	841	-173	717	919	-539	-323	-917	-118	-57	515	-59	185	839	165	164	916	176	186	-66	-850	-48	103	-344	372	205	853	606	801	-33	-183	457	861	87	387	956	418	-984	920	-655	608	679	-96
-176	534	925	647	858	988	839	-619	296	-924	751	221	80	-208	984	-72	689	-138	858	-121	-336	-384	-395	-200	-956	674	-227	527	-577	741	-493	-589	531	-359	-692	-115	947	-725	195	-366	666	-896	748	-990	-508	956	384	-498	275	669	495	-662	-980	881	73	398	139	-121	517	-618	918	679	-552	261	-702	-498	-421	522	-496	940	-44	-465	864	-338	-515	972	-774	135	-116	-922	994	894	914	586	-85	-954	-833	568	794	140	306	767	473	-671	-278	668	582	-970	521	90
864	825	425	-315	961	800	-9	506	-917	187	-405	-390	141	-466	579	495	-177	-299	-29	509	161	-351	-117	891	736	214	448	213	-202	198	-566	-830	-312	515	81	295	656	446	-811	-201	-971	869	-629	85	482	980	840	6	-598	-627	171	-328	280	995	40	-669	3	-965	665	917	439	-926	465	-611	94	890	-266	-238	-390	470	-592	876	-252	312	-415	-636	-552	907	390	867	-417	433	-427	417	-783	148	-990	-227	-181	-471	-954	809	926	443	-451	997	-483	-510	-417	-119
497	139	-926	-241	37	921	-374	573	-745	926	-237	960	-869	-89	-872	-410	378	396	-15	49	256	-497	741	-421	-247	-627	-649	997	152	-543	-377	-967	-75	-733	-853	816	751	902	213	-803	466	-491	572	589	26	-725	986	-364	987	-194	588	370	613	618	-942	481	189	889	224	720	-551	994	-698	382	526	470	52	-428	955	-15	-135	-886	91	223	-282	824	417	-522	730	379	-808	735	-280	339	432	225	598	499	-738	-916	-60	249	357	893	-715	-316	649	157	-458	-907
524	285	863	-559	370	85	-567	184	-702	-251	89	369	555	-878	628	-8	894	-315	-342	836	463	382	808	-40	-867	464	-673	815	-689	-844	-273	853	-116	-359	896	917	-679	-257	-883	590	-11	431	36	131	692	-279	330	-36	-241	-628	26	475	-138	-215	-696	309	464	14	552	-616	338	854	745	756	-677	-386	-444	-44	78	63	992	798	-580	-989	-472	350	-573	228	728	235	253	970	-587	43	311	192	-712	330	-148	-980	-179	73	202	133	-661	259	-840	512	-232	689
-987	541	1000	943	18	-676	868	-283	333	666	-866	532	-868	394	-445	-834	-840	242	-315	54	181	-970	-811	-757	-788	-74	-582	555	900	90	888	-21	273	980	508	705	199	-415	596	-811	529	-927	138	463	749	-895	-351	-138	510	996	-283	-79	242	502	290	-22	-725	273	449	-259	160	-835	-777	-20	-1000	-233	-354	41	371	162	705	378	17	-637	-478	626	-60	9	876	314	638	-839	173	-31	-730	795	325	-633	-762	-945	255	-212	244	-540	-769	-253	-912	-726	944	-990
-865	733	99	-848	-960	197	-141	-121	-259	-14	282	718	-853	778	-603	-277	122	146	290	-430	-450	103	575	411	-732	-43	-110	484	634	-389	-447	-202	191	66	-717	947	878	826	279	-294	642	-795	573	-570	-326	-455	-267	-356	-988	890	-952	-664	110	-661	249	-968	669	513	673	152	708	-721	-992	890	-494	19	-636	-172	506	775	-160	-914	-630	-391	-689	-913	-803	-908	42	-666	-452	-792	-574	-163	9	60	-909	-969	-175	500	18	713	504	-383	836	810	765	-640	782	-649
-883	-821	310	-344	420	465	824	-73	952	846	596	-119	-608	-356	-855	-553	70	842	847	-150	345	471	57	-929	-206	330	-308	-308	240	-448	140	-390	221	227	-543	706	417	-762	-599	454	51	-920	153	34	579	-713	-844	-790	400	-27	-609	-605	366	60	-121	926	60	-640	-307	102	-125	694	757	957	-25	569	164	744	996	43	67	695	197	68	-610	993	-644	757	-108	608	185	-642	-235	-780	-587	747	-768	182	819	517	-964	53	989	356	428	-554	273	-544	-91	511
-830	516	-468	354	879	655	885	-969	798	-1	762	-831	-585	-31	235	148	-902	-441	-217	-834	274	-888	281	-201	-381	-299	997	-306	-484	563	-792	-789	829	675	-78	-764	-112	930	295	-702	-779	-915	-359	-218	-978	595	-800	-523	-692	679	230	924	840	-25	-566	493	-855	22	667	98	124	-852	-964	-722	555	-601	-681	-223	561	-125	426	101	-319	686	362	424	-766	393	517	-547	-118	888	535	999	812	934	-958	755	-670	-69	959	-667	-787	418	-562	-429	738	27	53	-851
